-128.606284586497,-129.973307886988,-10.7855436630235
-128.606284586497,-129.973307886988,6.8443843739656
-128.606284586497,-129.973307886988,24.4743124109547
-128.606284586497,-129.973307886988,42.1042404479438
-128.606284586497,-129.973307886988,59.7341684849329
-128.606284586497,-112.343379849999,-10.7855436630235
-128.606284586497,-112.343379849999,6.8443843739656
-128.606284586497,-112.343379849999,24.4743124109547
-128.606284586497,-112.343379849999,42.1042404479438
-128.606284586497,-112.343379849999,59.7341684849329
-128.606284586497,-94.7134518130095,-10.7855436630235
-128.606284586497,-94.7134518130095,6.8443843739656
-128.606284586497,-94.7134518130095,24.4743124109547
-128.606284586497,-94.7134518130095,42.1042404479438
-128.606284586497,-94.7134518130095,59.7341684849329
-128.606284586497,-77.0835237760204,-10.7855436630235
-128.606284586497,-77.0835237760204,6.8443843739656
-128.606284586497,-77.0835237760204,24.4743124109547
-128.606284586497,-77.0835237760204,42.1042404479438
-128.606284586497,-77.0835237760204,59.7341684849329
-128.606284586497,-59.4535957390313,-10.7855436630235
-128.606284586497,-59.4535957390313,6.8443843739656
-128.606284586497,-59.4535957390313,24.4743124109547
-128.606284586497,-59.4535957390313,42.1042404479438
-128.606284586497,-59.4535957390313,59.7341684849329
-141.82225327783,-56.6493457309758,-13.1387207775004
-141.82225327783,-56.6493457309758,4.49120725948875
-141.82225327783,-56.6493457309758,22.1211352964779
-141.82225327783,-56.6493457309758,39.751063333467
-141.82225327783,-56.6493457309758,57.3809913704561
-141.82225327783,-39.0194176939867,-13.1387207775004
-141.82225327783,-39.0194176939867,4.49120725948875
-141.82225327783,-39.0194176939867,22.1211352964779
-141.82225327783,-39.0194176939867,39.751063333467
-141.82225327783,-39.0194176939867,57.3809913704561
-141.82225327783,-21.3894896569976,-13.1387207775004
-141.82225327783,-21.3894896569976,4.49120725948875
-141.82225327783,-21.3894896569976,22.1211352964779
-141.82225327783,-21.3894896569976,39.751063333467
-141.82225327783,-21.3894896569976,57.3809913704561
-141.82225327783,-3.75956162000847,-13.1387207775004
-141.82225327783,-3.75956162000847,4.49120725948875
-141.82225327783,-3.75956162000848,22.1211352964779
-141.82225327783,-3.75956162000847,39.751063333467
-141.82225327783,-3.75956162000847,57.3809913704561
-141.82225327783,13.8703664169806,-13.1387207775004
-142.08250019441,14.1118894074691,4.48473799373665
-142.375640024492,14.4055828898562,22.108996696899
-142.658607879357,14.713572851573,39.7352822312653
-142.929704967588,15.0344790264467,57.3636514965394
-143.179100080048,32.9854705373753,-13.1555629729303
-143.371215555008,33.2523608272894,4.47621078102734
-143.553765757098,33.5242244625849,22.1092574328349
-143.726310424364,33.800106434057,39.7435470892792
-143.888512377953,34.0790315794009,57.3790386388125
-143.901606913914,51.7324044852549,-13.1401550660151
-144.026318103097,51.9634308257611,4.49528899502881
-144.143797229837,52.1952590130438,22.1314743657058
-144.254018558931,52.4273624709676,39.76836411663
-144.357000302961,52.659231073539,57.4059184072023
-144.303022670562,70.1656626171528,-13.1179377388584
-144.388060439771,70.36233670273,4.51867688887374
-144.46794129534,70.5583805076069,22.1557302808472
-144.542730375247,70.7535136395949,39.7931953446299
-144.612510490485,70.9474704566342,57.4310444250545
-144.543621439432,88.385841835337,-13.0964933419628
-144.604477108958,88.5544189822157,4.54029980319166
-144.66161661615,88.7219411040076,22.1773642257657
-144.715112503731,88.8882532152067,39.814681508041
-144.765044682081,89.0532100796912,57.4522332667692
-144.697487618537,106.462281541781,-13.0776197482288
-144.742864371291,106.608598780628,4.55896816189833
-144.785492273142,106.753797911607,22.1957314977551
-144.825433015162,106.897788866277,39.8326577156604
-144.862751505573,107.040487741233,57.469734429572
-144.801236364728,124.439497407355,-13.0614398132392
-144.836234062979,124.568147541048,4.57480561501716
-144.869141263585,124.69574195954,22.2111691039206
-144.900007083252,124.822225743871,39.8476419214327
-144.928882093004,124.947547914742,57.4842154929275
-132.520599351085,135.618326035721,-8.73725227423756
-132.520599351085,135.618326035721,8.89267576275154
-132.520599351085,135.618326035721,26.5226037997407
-132.520599351085,135.618326035721,44.1525318367298
-132.520599351085,135.618326035721,61.7824598737189
-110.976356549508,-129.973307886988,-10.7855436630235
-110.976356549508,-129.973307886988,6.8443843739656
-110.976356549508,-129.973307886988,24.4743124109547
-110.976356549508,-129.973307886988,42.1042404479438
-110.976356549508,-129.973307886988,59.7341684849329
-110.976356549508,-112.343379849999,-10.7855436630235
-110.976356549508,-112.343379849999,6.8443843739656
-110.976356549508,-112.343379849999,24.4743124109547
-110.976356549508,-112.343379849999,42.1042404479438
-110.976356549508,-112.343379849999,59.7341684849329
-110.976356549508,-94.7134518130095,-10.7855436630235
-110.976356549508,-94.7134518130095,6.8443843739656
-110.976356549508,-94.7134518130095,24.4743124109547
-110.976356549508,-94.7134518130095,42.1042404479438
-110.976356549508,-94.7134518130095,59.7341684849329
-110.976356549508,-77.0835237760204,-10.7855436630235
-110.976356549508,-77.0835237760204,6.8443843739656
-110.976356549508,-77.0835237760204,24.4743124109547
-110.976356549508,-77.0835237760204,42.1042404479438
-110.976356549508,-77.0835237760204,59.7341684849329
-110.976356549508,-59.4535957390313,-10.7855436630235
-110.976356549508,-59.4535957390313,6.8443843739656
-110.976356549508,-59.4535957390313,24.4743124109547
-110.976356549508,-59.4535957390313,42.1042404479438
-110.976356549508,-59.4535957390313,59.7341684849329
-110.976356549508,-41.8236677020422,-10.7855436630235
-110.976356549508,-41.8236677020422,6.8443843739656
-110.976356549508,-41.8236677020422,24.4743124109547
-110.976356549508,-41.8236677020422,42.1042404479438
-110.976356549508,-41.8236677020422,59.7341684849329
-124.192325240841,-39.0194176939866,-13.1387207775004
-124.192325240841,-39.0194176939866,4.49120725948875
-124.192325240841,-39.0194176939867,22.1211352964779
-124.192325240841,-39.0194176939865,39.751063333467
-124.192325240841,-39.0194176939867,57.3809913704561
-124.192325240841,-21.3894896569976,-13.1387207775004
-124.192325240841,-21.3894896569976,4.49120725948875
-124.192325240841,-21.3894896569976,22.1211352964779
-124.192325240841,-21.3894896569976,39.751063333467
-124.192325240841,-21.3894896569976,57.3809913704561
-124.192325240841,-3.75956162000848,-13.1387207775004
-124.30058383118,-3.66116144011225,4.48836147778138
-124.880808042606,-3.08050223446611,22.1070185687963
-125.418082197546,-2.44647682343166,39.7337106489123
-125.900577290057,-1.7713537383847,57.3686353129142
-126.060743172579,16.1115448025205,-13.147261230461
-126.323884806376,16.5675122347786,4.49195148218317
-126.558665380723,17.0278988099639,22.134166555926
-126.764843645279,17.4885784367861,39.7790983539872
-126.94284353346,17.9457056854816,57.4264195434484
-126.807231880212,35.2215737512549,-13.1069766344078
-126.936820602023,35.5590204799232,4.53596129115267
-127.051532915296,35.8927010621555,22.1800193609081
-127.151930056929,36.2213844745258,39.8250526953226
-127.23868393301,36.543993286036,57.4709174667955
-127.109174207134,53.7063775202905,-13.0715349189542
-127.183801553137,53.9649410817164,4.57068590560345
-127.250009622536,54.219468137187,22.2133982974404
-127.308184167633,54.4695194820241,39.8565330878399
-127.358732614085,54.7147176356026,57.500023679083
-127.257308029214,71.8792397276138,-13.0449150289979
-127.305288620073,72.086280253984,4.59596575773183
-127.348019380272,72.2900012775506,22.2370930819479
-127.385739430895,72.4902176110128,39.8784305742694
-127.418692227935,72.6867713551825,57.5199434962919
-127.340220993245,89.8811296873775,-13.0249279721048
-127.373529390801,90.052841308836,4.6146948508678
-127.403303991373,90.2219205862283,22.2544538871837
-127.429697146666,90.3882789821678,39.8943281658164
-127.452861649775,90.5518414195289,57.5342976801167
-127.391139959221,107.780707572036,-13.0095729106165
-127.415579607337,107.926984823765,4.62898464153704
-127.437498615284,108.071164659972,22.2676229287745
-127.456998360083,108.213200593784,39.9063289254274
-127.474179788434,108.353053415586,57.545090190243
-114.890671314096,117.988397998732,-8.73725227423756
-114.890671314096,117.988397998732,8.89267576275154
-114.890671314096,117.988397998732,26.5226037997407
-127.475122335259,125.991156145818,39.9156842914366
-127.488385786389,126.113202199106,57.5534838934265
-114.890671314096,135.618326035721,-8.73725227423756
-114.890671314096,135.618326035721,8.89267576275154
-114.890671314096,135.618326035721,26.5226037997407
-114.890671314096,135.618326035721,44.1525318367298
-114.890671314096,135.618326035721,61.7824598737189
-101.976526957849,-146.633373723679,-15.1870121662863
-101.976526957849,-146.633373723679,2.4429158707028
-101.976526957849,-146.633373723679,20.0728439076919
-101.976526957849,-146.633373723679,37.702771944681
-101.976526957849,-146.633373723679,55.3326999816701
-101.976526957849,-129.00344568669,-15.1870121662863
-101.976526957849,-129.00344568669,2.4429158707028
-101.976526957849,-129.00344568669,20.0728439076919
-101.976526957849,-129.00344568669,37.702771944681
-93.739854248902,-127.590710634311,58.5575799276945
-93.739854248902,-109.960782597322,-11.9621322202619
-93.739854248902,-109.960782597322,5.66779581672717
-93.739854248902,-109.960782597322,23.2977238537163
-93.739854248902,-109.960782597322,40.9276518907054
-93.739854248902,-109.960782597322,58.5575799276945
-93.3464285125188,-77.0835237760204,-10.7855436630235
-93.739854248902,-92.330854560333,5.66779581672717
-93.739854248902,-92.330854560333,23.2977238537163
-93.739854248902,-92.330854560333,40.9276518907054
-93.739854248902,-92.330854560333,58.5575799276945
-93.3464285125188,-59.4535957390313,-10.7855436630235
-93.739854248902,-74.7009265233439,5.66779581672717
-93.739854248902,-74.7009265233439,23.2977238537163
-93.739854248902,-74.7009265233439,40.9276518907054
-93.739854248902,-74.7009265233439,58.5575799276945
-93.3464285125188,-41.8236677020422,-10.7855436630235
-93.3464285125188,-41.8236677020422,6.8443843739656
-93.739854248902,-57.0709984863548,23.2977238537163
-93.739854248902,-57.0709984863548,40.9276518907054
-93.739854248902,-57.0709984863548,58.5575799276945
-93.3464285125189,-24.1937396650531,-10.7855436630235
-93.3464285125188,-24.1937396650531,6.8443843739656
-93.739854248902,-39.4410704493657,23.2977238537163
-93.739854248902,-39.4410704493657,40.9276518907054
-93.739854248902,-39.4410704493657,58.5575799276945
-106.562397203852,-21.3894896569975,-13.1387207775004
-106.562397203852,-21.3894896569976,4.49120725948875
-109.103216160775,-9.97887515865368,22.7345282295925
-107.366358765542,-7.26663523015806,40.7307990722253
-106.905446532187,-6.78851605294407,58.439885472078
-109.740769806716,1.88795659045249,-13.016105718458
-109.880732404921,2.95138032671184,4.68011127074187
-109.909223025866,3.8867270755603,22.3772588778248
-109.863084912438,4.69540424997798,40.0719710283032
-109.770564917819,5.3884624358878,57.7624122635174
-109.868098050413,20.4325488939249,-12.9597440508738
-109.901808705917,20.9347102846105,4.70453729423136
-109.910438920422,21.4031634130868,22.3686624291066
-109.898756192313,21.8383943120998,40.0322184985512
-109.870929544927,22.2415797176785,57.6949006541179
-109.890745986329,38.353801518237,-12.9401055000811
-109.906016517216,38.6814075855709,4.71286768917858
-109.910559232493,38.9938482809787,22.3657182247682
-109.905800570244,39.2912953155528,40.0183245449809
-109.893045305239,39.5740639687881,57.6705872805543
-109.898727442872,56.1265479991499,-12.9301838407292
-109.907602724819,56.3695016756501,4.71706532692737
-109.910561325887,56.6038797135321,22.3642310392589
-109.908207801612,56.8297601258589,40.0112621672438
-109.901107717351,57.0472675719892,57.6581147415441
-109.902495603162,73.841227737712,-12.924204880736
-109.908390266592,74.034256294826,4.71959391895701
-109.91054337102,74.2217804345148,22.3633338600544
-109.909265280219,74.4038417646207,40.0069888106172
-109.904850273455,74.5805013118809,57.6505356054266
-109.904593780138,91.5272595559843,-12.9202096046832
-109.908847238873,91.6873709094529,4.72128373140833
-109.910523246608,91.8436527138114,22.3627337027709
-109.909801727736,91.9961296785319,40.0041252041558
-109.906854814791,92.1448359810101,57.6454445720321
-97.2607432771071,100.358469961743,-8.73725227423756
-109.909140427707,109.333845313278,4.72249271369748
-109.910504830048,109.467808147292,22.3623040178906
-109.910099970315,109.598969715975,40.002072661837
-109.908035075274,109.727351010958,57.6417899233481
-97.2607432771071,117.988397998732,-8.73725227423756
-97.2607432771071,117.988397998732,8.89267576275154
-97.2607432771071,117.988397998732,26.5226037997407
-97.2607432771071,117.988397998732,44.1525318367298
-97.2607432771071,117.988397998732,61.7824598737189
-97.2607432771071,135.618326035721,-8.73725227423756
-97.2607432771071,135.618326035721,8.89267576275154
-97.2607432771071,135.618326035721,26.5226037997407
-97.2607432771071,135.618326035721,44.1525318367298
-97.2607432771071,135.618326035721,61.7824598737189
-84.3465989208598,-146.633373723679,-15.1870121662863
-84.3465989208598,-146.633373723679,2.4429158707028
-84.3465989208598,-146.633373723679,20.0728439076919
-84.3465989208598,-146.633373723679,37.702771944681
-84.3465989208598,-146.633373723679,55.3326999816701
-84.3465989208598,-129.00344568669,-15.1870121662863
-84.3465989208598,-129.00344568669,2.4429158707028
-84.3465989208598,-129.00344568669,20.0728439076919
-84.3465989208598,-129.00344568669,37.702771944681
-84.3465989208598,-129.00344568669,55.3326999816701
-76.1099262119129,-109.960782597322,-11.9621322202619
-76.1099262119129,-109.960782597322,5.66779581672717
-76.1099262119129,-109.960782597322,23.2977238537163
-76.1099262119129,-109.960782597322,40.9276518907054
-76.1099262119129,-109.960782597322,58.5575799276945
-76.1099262119129,-92.330854560333,-11.9621322202619
-76.1099262119129,-92.330854560333,5.66779581672717
-76.1099262119129,-92.330854560333,23.2977238537163
-76.1099262119129,-92.330854560333,40.9276518907054
-76.1099262119129,-92.330854560333,58.5575799276945
-76.1099262119129,-74.7009265233439,-11.9621322202619
-76.1099262119129,-74.7009265233439,5.66779581672717
-76.1099262119129,-74.7009265233439,23.2977238537163
-76.1099262119129,-74.7009265233439,40.9276518907054
-76.1099262119129,-74.7009265233439,58.5575799276945
-76.1099262119129,-57.0709984863548,-11.9621322202619
-76.1099262119129,-57.0709984863548,5.66779581672718
-76.1099262119129,-57.0709984863548,23.2977238537163
-76.1099262119129,-57.0709984863548,40.9276518907054
-76.1099262119129,-57.0709984863548,58.5575799276945
-76.1099262119129,-39.4410704493657,-11.9621322202619
-76.1099262119129,-39.4410704493657,5.66779581672717
-88.5390434304797,-23.7720869096741,23.2977238537163
-88.5390434304797,-23.7720869096741,40.9276518907054
-88.5390434304797,-23.7720869096741,58.5575799276945
-88.5390434304797,-6.14215887268499,-11.9621322202619
-88.5390434304797,-6.14215887268499,5.66779581672717
-88.5390434304797,-6.14215887268499,23.2977238537163
-88.5390434304797,-6.14215887268499,40.9276518907054
-88.5390434304797,-6.14215887268499,58.5575799276945
-89.6757040635367,10.4300706857894,-12.1482728596015
-89.5819607576586,10.5307927511863,5.49801492957907
-89.5023022010641,10.6142104309381,23.1416824396227
-89.4338165988443,10.6843915681578,40.783308024447
-89.3743325422139,10.7442307432112,58.4233125963265
-91.4681863896359,25.2928275007549,-12.5239618106512
-91.3634790368909,25.52713561058,5.13334263516038
-91.2633530497701,25.7371048909453,22.7883964571649
-91.1680109731761,25.9260094188739,40.4414252629001
-91.0774783165808,26.0966168706435,58.0926334933897
-91.9113441704089,41.6710563411631,-12.6592615099252
-91.8486858332006,41.8852840933784,4.99258048396777
-91.785515088856,42.085001795867,22.6433863354051
-91.7223371520547,42.2713826323167,40.2931961233915
-91.659550311812,42.4455093237322,57.942053240344
-92.0745011141202,58.6300586364361,-12.7247758217386
-92.0350363594946,58.8123599339166,4.92249489461551
-91.9941567985436,58.9857537121858,22.5692331993234
-91.9521993514902,59.150717830057,40.2154430619352
-91.9094553697001,59.3077132276712,57.8611314809306
-92.150693872661,75.8476827995718,-12.7627683244605
-92.1240260565869,76.0034082033581,4.88131053298072
-92.0959527669343,76.1532519288596,22.5250822380581
-92.0666851300123,76.297439586352,40.1685437602513
-92.0364134816895,76.4361942696433,57.8116938397822
-92.1919670007871,93.1999557985216,-12.7874077195844
-92.1728995710288,93.3349500268895,4.8544056919203
-92.1526107250649,93.4658128981963,22.4960254213578
-92.1312368141599,93.5926640616988,40.1374475642061
-92.1089037438917,93.7156236412168,57.7786692355712
-79.630815240118,100.358469961743,-8.73725227423756
-79.630815240118,100.358469961743,8.89267576275154
-79.630815240118,100.358469961743,26.5226037997407
-79.630815240118,100.358469961743,44.1525318367298
-79.630815240118,100.358469961743,61.7824598737189
-79.630815240118,117.988397998732,-8.73725227423756
-79.630815240118,117.988397998732,8.89267576275154
-79.630815240118,117.988397998732,26.5226037997407
-79.630815240118,117.988397998732,44.1525318367298
-79.630815240118,117.988397998732,61.7824598737189
-79.630815240118,135.618326035721,-8.73725227423756
-79.630815240118,135.618326035721,8.89267576275154
-79.630815240118,135.618326035721,26.5226037997407
-79.630815240118,135.618326035721,44.1525318367298
-79.630815240118,135.618326035721,61.7824598737189
-66.7166708838707,-146.633373723679,-15.1870121662863
-66.7166708838707,-146.633373723679,2.4429158707028
-66.7166708838707,-146.633373723679,20.0728439076919
-66.7166708838707,-146.633373723679,37.702771944681
-66.7166708838707,-146.633373723679,55.3326999816701
-66.7166708838707,-129.00344568669,-15.1870121662863
-66.7166708838707,-129.00344568669,2.4429158707028
-66.7166708838707,-129.00344568669,20.0728439076919
-66.7166708838707,-129.00344568669,37.702771944681
-66.7166708838707,-129.00344568669,55.3326999816701
-66.7166708838707,-111.373517649701,-15.1870121662863
-58.4799981749238,-109.960782597322,5.66779581672717
-58.4799981749238,-109.960782597322,23.2977238537163
-58.4799981749238,-109.960782597322,40.9276518907054
-58.4799981749238,-109.960782597322,58.5575799276945
-58.4799981749238,-92.330854560333,-11.9621322202619
-58.4799981749238,-92.330854560333,5.66779581672717
-58.4799981749238,-92.330854560333,23.2977238537163
-58.4799981749238,-92.330854560333,40.9276518907054
-58.4799981749238,-92.330854560333,58.5575799276945
-58.4799981749238,-74.7009265233439,-11.9621322202619
-58.4799981749238,-74.7009265233439,5.66779581672717
-58.4799981749238,-74.7009265233439,23.2977238537163
-58.4799981749238,-74.7009265233439,40.9276518907054
-58.4799981749242,-74.7009265233442,58.5575799276944
-58.4799981749238,-57.0709984863548,-11.9621322202619
-58.4799981749238,-57.0709984863548,5.66779581672717
-70.9091153934906,-41.4020149466632,23.2977238537163
-70.9091153934906,-41.4020149466632,40.9276518907054
-70.9091153934906,-41.4020149466632,58.5575799276945
-70.9091153934906,-23.7720869096741,-11.9621322202619
-70.9091153934906,-23.7720869096741,5.66779581672717
-70.9091153934906,-23.7720869096741,23.2977238537163
-70.9091153934906,-23.7720869096741,40.9276518907054
-70.9091153934906,-23.7720869096741,58.5575799276945
-70.9091153934906,-6.14215887268499,-11.9621322202619
-70.9091153934906,-6.14215887268499,5.66779581672717
-70.9091153934906,-6.14215887268499,23.2977238537163
-70.9091153934906,-6.14215887268499,40.9276518907054
-70.9091153934906,-6.14215887268499,58.5575799276945
-70.9091153934906,11.4877691643041,-11.9621322202619
-70.9091153934906,11.4877691643041,5.66779581672717
-70.9091153934906,11.4877691643041,23.2977238537163
-70.9091153934906,11.4877691643041,40.9276518907054
-70.9091153934906,11.4877691643041,58.5575799276945
-71.8973111542492,28.2182342546422,-12.1224590935503
-71.8570767807211,28.2599360237135,5.51437631836793
-71.8199526395041,28.2979828244934,23.1506455367208
-71.7855958768403,28.3328307202749,40.7864149483961
-71.7537115912408,28.364863514271,58.4217410219504
-73.1425182778004,44.2492579923814,-12.3592740938054
-73.0827030574115,44.3437137850071,5.28334877927634
-73.0256346897963,44.4316828990901,22.9252280652328
-72.9711673820305,44.5137790531558,40.5664233669645
-72.9191595041106,44.5905444794032,58.2069885525679
-73.7319283309071,60.7904982254896,-12.4961704548019
-73.680555644839,60.8997053480343,5.14675944046863
-73.6304008090738,61.0031102725672,22.7891409617762
-73.5814819107086,61.1011204710399,40.4310028577442
-73.5338056639746,61.1941100918124,58.0723724580479
-74.0422963347342,77.6710244971298,-12.5814195131283
-74.001727201096,77.7796091524124,5.06044598362325
-73.9615047317513,77.883611184051,22.7019363327585
-73.9216896949334,77.983275008644,40.3430640755442
-73.8823326975763,78.078831087418,57.9838416676483
-62.0008872031289,82.7285419247539,-8.73725227423756
-62.0008872031289,82.7285419247539,8.89267576275154
-62.0008872031289,82.7285419247539,26.5226037997407
-62.0008872031289,82.7285419247539,44.1525318367298
-62.0008872031289,82.7285419247539,61.7824598737189
-62.0008872031289,100.358469961743,-8.73725227423756
-62.0008872031289,100.358469961743,8.89267576275154
-62.0008872031289,100.358469961743,26.5226037997407
-62.0008872031289,100.358469961743,44.1525318367298
-62.0008872031289,100.358469961743,61.7824598737189
-62.0008872031289,117.988397998732,-8.73725227423756
-62.0008872031289,117.988397998732,8.89267576275154
-62.0008872031289,117.988397998732,26.5226037997407
-62.0008872031289,117.988397998732,44.1525318367298
-62.0008872031289,117.988397998732,61.7824598737189
-62.0008872031289,135.618326035721,-8.73725227423756
-62.0008872031289,135.618326035721,8.89267576275154
-62.0008872031289,135.618326035721,26.5226037997407
-62.0008872031289,135.618326035721,44.1525318367298
-62.0008872031289,135.618326035721,61.7824598737189
-49.0867428468816,-146.633373723679,-15.1870121662863
-49.0867428468816,-146.633373723679,2.44291587070281
-49.0867428468816,-146.633373723679,20.0728439076919
-49.0867428468816,-146.633373723679,37.702771944681
-49.0867428468816,-146.633373723679,55.3326999816701
-49.0867428468816,-129.00344568669,-15.1870121662863
-49.0867428468816,-129.00344568669,2.44291587070281
-49.0867428468816,-129.00344568669,20.0728439076919
-49.0867428468816,-129.00344568669,37.702771944681
-49.0867428468816,-129.00344568669,55.3326999816701
-49.0867428468816,-111.373517649701,-15.1870121662863
-49.0867428468816,-111.373517649701,2.4429158707028
-40.8500701379347,-109.960782597322,23.2977238537163
-40.8500701379347,-109.960782597322,40.9276518907054
-40.8500701379347,-109.960782597322,58.5575799276945
-40.8500701379347,-92.330854560333,-11.9621322202619
-40.8500701379347,-92.330854560333,5.66779581672718
-40.8500701379347,-92.330854560333,23.2977238537163
-40.8500701379347,-92.330854560333,40.9276518907054
-53.2791873565015,-76.6618710206414,58.5575799276945
-40.8500701379347,-74.7009265233439,-11.9621322202619
-40.8500701379347,-74.7009265233439,5.66779581672717
-53.2791873565015,-59.0319429836523,23.2977238537163
-53.2791873565015,-59.0319429836523,40.9276518907054
-53.2791873565015,-59.0319429836523,58.5575799276945
-53.2791873565015,-41.4020149466632,-11.9621322202619
-53.2791873565015,-41.4020149466632,5.66779581672718
-53.2791873565015,-41.4020149466632,23.2977238537163
-53.2791873565015,-41.4020149466632,40.9276518907054
-53.2791873565015,-41.4020149466632,58.5575799276945
-53.2791873565015,-23.7720869096741,-11.9621322202619
-53.2791873565015,-23.7720869096741,5.66779581672717
-53.2791873565015,-23.7720869096741,23.2977238537163
-53.2791873565015,-23.7720869096741,40.9276518907054
-53.2791873565015,-23.7720869096741,58.5575799276945
-53.2791873565015,-6.14215887268499,-11.9621322202619
-53.2791873565015,-6.14215887268499,5.66779581672717
-53.2791873565015,-6.14215887268499,23.2977238537163
-53.2791873565015,-6.14215887268499,40.9276518907054
-53.2791873565015,-6.14215887268499,58.5575799276945
-53.2791873565015,11.4877691643041,-11.9621322202619
-53.2791873565015,11.4877691643041,5.66779581672717
-53.2791873565015,11.4877691643041,23.2977238537163
-53.2791873565015,11.4877691643041,40.9276518907054
-53.2791873565015,11.4877691643041,58.5575799276945
-53.2791873565015,29.1176972012932,-11.9621322202619
-53.2791873565015,29.1176972012932,5.66779581672717
-53.2791873565015,29.1176972012932,23.2977238537163
-53.2791873565015,29.1176972012932,40.9276518907054
-53.2791873565015,29.1176972012932,58.5575799276945
-54.221595997005,45.8955809595085,-12.1146012987681
-54.1961288096583,45.9216830800385,5.51967694173781
-54.1719865191268,45.9462499276724,23.1537156146651
-54.1490695878304,45.9694118719668,40.7875338414132
-54.1272880758503,45.9912850455285,58.4211487751097
-55.1529605409184,62.414551924536,-12.2853798858575
-55.1145744101793,62.4674790979147,5.35212032959146
-55.0776218768338,62.5177420339918,22.9892863619861
-55.0420320997202,62.5655299148874,40.6261390244394
-55.0077380038981,62.6110150069593,58.2626975110096
-44.3709591661398,65.0986138877648,-8.73725227423756
-44.3709591661398,65.0986138877648,8.89267576275154
-44.3709591661398,65.0986138877648,26.5226037997407
-44.3709591661398,65.0986138877648,44.1525318367298
-44.3709591661398,65.0986138877648,61.7824598737189
-44.3709591661398,82.7285419247539,-8.73725227423756
-44.3709591661398,82.7285419247539,8.89267576275154
-44.3709591661398,82.7285419247539,26.5226037997407
-44.3709591661398,82.7285419247539,44.1525318367298
-44.3709591661398,82.7285419247539,61.7824598737189
-44.3709591661398,100.358469961743,-8.73725227423756
-44.3709591661398,100.358469961743,8.89267576275154
-44.3709591661398,100.358469961743,26.5226037997407
-44.3709591661398,100.358469961743,44.1525318367298
-44.3709591661398,100.358469961743,61.7824598737189
-44.3709591661398,117.988397998732,-8.73725227423757
-44.3709591661398,117.988397998732,8.89267576275154
-44.3709591661398,117.988397998732,26.5226037997407
-44.3709591661398,117.988397998732,44.1525318367298
-44.3709591661398,117.988397998732,61.7824598737189
-44.3709591661398,135.618326035721,-8.73725227423756
-44.3709591661398,135.618326035721,8.89267576275154
-44.3709591661398,135.618326035721,26.5226037997407
-44.3709591661398,135.618326035721,44.1525318367298
-44.3709591661398,135.618326035721,61.7824598737189
-31.4568148098925,-146.633373723679,-15.1870121662863
-31.4568148098926,-146.633373723679,2.44291587070277
-27.4125866105655,-128.13892007923,26.5226037997407
-27.4125866105655,-128.13892007923,44.1525318367298
-27.4125866105655,-128.13892007923,61.7824598737189
-31.4568148098925,-129.00344568669,-15.1870121662863
-31.4568148098925,-129.00344568669,2.4429158707028
-31.4568148098925,-129.00344568669,20.0728439076919
-27.4125866105655,-110.508992042241,44.1525318367298
-27.4125866105655,-110.508992042241,61.7824598737189
-31.4568148098925,-111.373517649701,-15.1870121662863
-31.4568148098925,-111.373517649701,2.4429158707028
-31.4568148098925,-111.373517649701,20.0728439076919
-23.2201421009456,-109.960782597322,40.9276518907054
-35.6492593195124,-94.2917990576305,58.5575799276945
-23.2201421009456,-92.330854560333,-11.9621322202619
-23.2201421009456,-92.330854560333,5.66779581672717
-35.6492593195124,-76.6618710206414,23.2977238537163
-35.6492593195124,-76.6618710206414,40.9276518907054
-35.6492593195124,-76.6618710206414,58.5575799276945
-35.6492593195124,-59.0319429836523,-11.9621322202619
-35.6492593195124,-59.0319429836523,5.66779581672718
-35.6492593195124,-59.0319429836523,23.2977238537163
-35.6492593195124,-59.0319429836523,40.9276518907054
-35.6492593195124,-59.0319429836523,58.5575799276945
-35.6492593195124,-41.4020149466632,-11.9621322202619
-35.6492593195124,-41.4020149466632,5.66779581672718
-35.6492593195124,-41.4020149466632,23.2977238537163
-35.6492593195124,-41.4020149466632,40.9276518907054
-35.6492593195124,-41.4020149466632,58.5575799276945
-35.6492593195124,-23.7720869096741,-11.9621322202619
-35.6492593195124,-23.7720869096741,5.66779581672717
-35.6492593195124,-23.7720869096741,23.2977238537163
-35.6492593195124,-23.7720869096741,40.9276518907054
-35.6492593195124,-23.7720869096741,58.5575799276945
-35.6492593195124,-6.14215887268499,-11.9621322202619
-35.6492593195124,-6.14215887268499,5.66779581672717
-35.6492593195124,-6.14215887268499,23.2977238537163
-35.6492593195124,-6.14215887268499,40.9276518907054
-35.6492593195124,-6.14215887268499,58.5575799276945
-35.6492593195124,11.4877691643041,-11.9621322202619
-35.6492593195124,11.4877691643041,5.66779581672717
-35.6492593195124,11.4877691643041,23.2977238537163
-35.6492593195124,11.4877691643041,40.9276518907054
-35.6492593195124,11.4877691643041,58.5575799276945
-35.6492593195124,29.1176972012932,-11.9621322202619
-35.6492593195124,29.1176972012932,5.66779581672717
-35.6492593195124,29.1176972012932,23.2977238537163
-35.6492593195124,29.1176972012932,40.9276518907054
-35.6492593195124,29.1176972012932,58.5575799276945
-26.7410311291507,29.8387578137866,-8.73725227423756
-26.7410311291507,29.8387578137866,8.89267576275154
-26.7410311291507,29.8387578137866,26.5226037997407
-26.0698454236346,29.9627035956859,43.854690324558
-25.4995917736251,30.1113521027438,61.2115509990524
-26.7410311291507,47.4686858507757,-8.73725227423756
-26.7410311291507,47.4686858507757,8.89267576275154
-26.7410311291507,47.4686858507757,26.5226037997407
-26.7410311291507,47.4686858507757,44.1525318367298
-26.7410311291507,47.4686858507757,61.7824598737189
-26.7410311291507,65.0986138877648,-8.73725227423756
-26.7410311291507,65.0986138877648,8.89267576275154
-26.7410311291507,65.0986138877648,26.5226037997407
-26.7410311291507,65.0986138877648,44.1525318367298
-26.7410311291507,65.0986138877648,61.7824598737189
-26.7410311291507,82.7285419247539,-8.73725227423756
-26.7410311291507,82.7285419247539,8.89267576275154
-26.7410311291507,82.7285419247539,26.5226037997407
-26.7410311291507,82.7285419247539,44.1525318367298
-26.7410311291507,82.7285419247539,61.7824598737189
-26.7410311291507,100.358469961743,-8.73725227423756
-26.7410311291507,100.358469961743,8.89267576275154
-26.7410311291507,100.358469961743,26.5226037997407
-26.7410311291507,100.358469961743,44.1525318367298
-26.7410311291507,100.358469961743,61.7824598737189
-26.7410311291507,117.988397998732,-8.73725227423756
-26.7410311291507,117.988397998732,8.89267576275154
-26.7410311291507,117.988397998732,26.5226037997407
-26.7410311291507,117.988397998732,44.1525318367298
-26.7410311291507,117.988397998732,61.7824598737189
-26.7410311291507,135.618326035721,-8.73725227423756
-26.7410311291507,135.618326035721,8.89267576275154
-26.7410311291507,135.618326035721,26.5226037997407
-26.7410311291507,135.618326035721,44.1525318367298
-26.7410311291507,135.618326035721,61.7824598737189
-9.78265857357639,-128.13892007923,-8.73725227423757
-9.78265857357638,-128.13892007923,8.89267576275154
-9.78265857357638,-128.13892007923,26.5226037997407
-9.78265857357637,-128.13892007923,44.1525318367298
-9.78265857357638,-128.13892007923,61.7824598737189
-9.78265857357636,-110.508992042241,-8.73725227423756
-9.78265857357635,-110.508992042241,8.89267576275155
-9.78265857357638,-110.508992042241,26.5226037997407
-9.78265857357637,-110.508992042241,44.1525318367298
-9.78265857357638,-110.508992042241,61.7824598737189
-9.78265857357636,-92.8790640052516,-8.73725227423757
-9.78265857357638,-92.8790640052516,8.89267576275154
-9.78265857357638,-92.8790640052516,26.5226037997407
-11.5806676732039,-92.5025826615032,43.6357911199811
-13.8449450665149,-92.5269676135983,60.4786969051899
-18.0193312825233,-76.6618710206414,-11.962132220262
-18.0193312825233,-76.6618710206414,5.66779581672717
-18.0193312825233,-76.6618710206414,23.2977238537163
-18.0193312825233,-76.6618710206414,40.9276518907054
-18.0193312825233,-76.6618710206414,58.5575799276945
-18.0193312825233,-59.0319429836523,-11.9621322202619
-18.0193312825233,-59.0319429836523,5.66779581672717
-18.0193312825233,-59.0319429836523,23.2977238537163
-18.0193312825233,-59.0319429836523,40.9276518907054
-18.0193312825233,-59.0319429836523,58.5575799276945
-18.0193312825233,-41.4020149466632,-11.9621322202619
-18.0193312825233,-41.4020149466632,5.66779581672717
-18.0193312825233,-41.4020149466632,23.2977238537163
-18.0193312825233,-41.4020149466632,40.9276518907054
-18.0193312825233,-41.4020149466632,58.5575799276945
-18.0193312825233,-23.7720869096741,-11.9621322202619
-18.0193312825233,-23.7720869096741,5.66779581672717
-18.0193312825233,-23.7720869096741,23.2977238537163
-18.0193312825233,-23.7720869096741,40.9276518907054
-18.0193312825233,-23.7720869096741,58.5575799276945
-18.0193312825233,-6.14215887268499,-11.9621322202619
-18.0193312825233,-6.14215887268499,5.66779581672717
-18.0193312825233,-6.14215887268499,23.2977238537163
-18.0193312825233,-6.14215887268499,40.9276518907054
-18.0193312825233,-6.14215887268499,58.5575799276945
-18.0193312825233,11.4877691643041,-11.9621322202619
-18.0193312825233,11.4877691643041,5.66779581672717
-18.0193312825233,11.4877691643041,23.2977238537163
-18.0193312825233,11.4877691643041,40.9276518907054
-18.0193312825233,11.4877691643041,58.5575799276945
-7.05126158257079,12.7716527184372,-9.73556474440707
-6.37766866752387,13.0878241549427,7.50689011660864
-5.92849861086121,13.3436815123484,24.85764791657
-5.61137495808886,13.5491475327988,42.2790116364109
-5.37711576092886,13.715646512595,59.7480750462554
-9.11110309216158,29.8387578137866,-8.73725227423756
-9.11110309216158,29.8387578137866,8.89267576275154
-8.30067424249006,29.9951977365381,26.1598413337204
-7.52800005007014,30.2209301059261,43.4085421814012
-6.96282748490626,30.4388550545218,60.7352328285563
-9.11110309216158,47.4686858507757,-8.73725227423756
-9.11110309216158,47.4686858507757,8.89267576275155
-9.11110309216157,47.4686858507757,26.5226037997407
-9.11110309216158,47.4686858507757,44.1525318367298
-9.11110309216158,47.4686858507757,61.7824598737189
-9.11110309216158,65.0986138877648,-8.73725227423756
-9.11110309216158,65.0986138877648,8.89267576275154
-9.11110309216158,65.0986138877648,26.5226037997407
-9.11110309216157,65.0986138877648,44.1525318367298
-9.11110309216158,65.0986138877648,61.7824598737189
-9.11110309216158,82.7285419247539,-8.73725227423756
-9.11110309216158,82.7285419247539,8.89267576275154
-9.11110309216158,82.7285419247539,26.5226037997407
-9.11110309216158,82.7285419247539,44.1525318367298
-9.11110309216158,82.7285419247539,61.7824598737189
-9.11110309216158,100.358469961743,-8.73725227423756
-9.11110309216158,100.358469961743,8.89267576275154
-9.11110309216157,100.358469961743,26.5226037997407
-9.11110309216158,100.358469961743,44.1525318367298
-9.11110309216158,100.358469961743,61.7824598737189
-9.11110309216157,117.988397998732,-8.73725227423756
-9.11110309216157,117.988397998732,8.89267576275154
-9.11110309216157,117.988397998732,26.5226037997407
-9.11110309216158,117.988397998732,44.1525318367298
-9.11110309216157,117.988397998732,61.7824598737189
-9.11110309216157,135.618326035721,-8.73725227423757
-9.11110309216158,135.618326035721,8.89267576275154
-9.11110309216157,135.618326035721,26.5226037997406
-9.11110309216157,135.618326035721,44.1525318367298
-9.11110309216158,135.618326035721,61.7824598737189
7.84726946341272,-128.13892007923,-8.73725227423756
7.84726946341273,-128.13892007923,8.89267576275155
7.84726946341272,-128.13892007923,26.5226037997407
7.84726946341272,-128.13892007923,44.1525318367298
7.84726946341272,-128.13892007923,61.7824598737189
7.84726946341273,-110.508992042241,-8.73725227423756
7.84726946341273,-110.508992042241,8.89267576275155
7.84726946341272,-110.508992042241,26.5226037997407
7.84726946341273,-110.508992042241,44.1525318367298
7.84726946341273,-110.508992042241,61.7824598737189
7.84726946341272,-92.8790640052516,-8.73725227423756
7.84726946341272,-92.8790640052516,8.89267576275154
7.63952389009147,-92.8172610520305,26.4679023172231
5.92817080221413,-92.4898454605178,43.5975411223146
4.7062046539475,-92.4494489969513,60.8173767097162
3.93503442437219,-74.8779056988889,-9.98407104537087
2.35468318614861,-75.2143183267296,7.00924035055137
1.59314618765382,-75.4917099049466,24.3008812413527
1.155493440926,-75.6897096740403,41.7258488670907
0.873742058383153,-75.8334799746348,59.2193711321179
-0.389403245534189,-59.0319429836523,-11.9621322202619
-0.389403245534189,-59.0319429836523,5.66779581672718
-0.389403245534189,-59.0319429836523,23.2977238537163
-0.38940324553419,-59.0319429836523,40.9276518907054
-0.389403245534189,-59.0319429836523,58.5575799276945
-0.38940324553419,-41.4020149466632,-11.9621322202619
-0.389403245534189,-41.4020149466632,5.66779581672717
-0.389403245534189,-41.4020149466632,23.2977238537163
-0.38940324553419,-41.4020149466632,40.9276518907054
-0.389403245534189,-41.4020149466632,58.5575799276945
-0.389403245534192,-23.7720869096741,-11.9621322202619
-0.38940324553419,-23.7720869096741,5.66779581672717
-0.389403245534192,-23.7720869096741,23.2977238537163
-0.38940324553419,-23.7720869096741,40.9276518907054
-0.389403245534192,-23.7720869096741,58.5575799276945
-0.389403245534189,-6.14215887268499,-11.9621322202619
-0.389403245534189,-6.14215887268499,5.66779581672717
-0.389403245534189,-6.14215887268499,23.2977238537163
-0.389403245534189,-6.14215887268499,40.9276518907054
-0.389403245534189,-6.14215887268499,58.5575799276945
13.7244547259689,-2.47869370674848,-11.9621322202619
13.7244547259689,-2.47869370674848,5.66779581672717
13.7244547259689,-2.47869370674848,23.2977238537163
13.7244547259689,-2.47869370674848,40.9276518907054
13.7244547259689,-2.47869370674848,58.5575799276945
13.0149631868755,14.3605664437774,-11.342670427329
13.2087909100504,14.5548989903291,6.12803331389917
13.3198043078788,14.6728867117471,23.6636796273248
13.3916117766099,14.7520096562783,41.2313278671878
13.4418268577325,14.8087184470134,58.8170671935408
8.51882494482752,29.8387578137866,-8.73725227423756
9.70691126424146,30.0956653655364,8.34813672477079
10.8712731843272,30.529657695874,25.360253589672
11.5437205264577,30.8793058394339,42.5876597543409
11.9711073265686,31.1469251711409,59.9407947171374
8.51882494482752,47.4686858507757,-8.73725227423756
8.51882494482753,47.4686858507757,8.89267576275154
8.51882494482752,47.4686858507757,26.5226037997407
8.51882494482752,47.4686858507757,44.1525318367298
9.4377958102332,47.6521338537797,61.3683155071514
8.51882494482752,65.0986138877648,-8.73725227423756
8.51882494482752,65.0986138877648,8.89267576275154
8.51882494482753,65.0986138877648,26.5226037997407
8.51882494482752,65.0986138877648,44.1525318367298
8.51882494482752,65.0986138877648,61.7824598737189
8.51882494482752,82.7285419247539,-8.73725227423756
8.51882494482752,82.7285419247539,8.89267576275155
8.51882494482752,82.7285419247539,26.5226037997407
8.51882494482752,82.7285419247539,44.1525318367298
8.51882494482752,82.7285419247539,61.7824598737189
8.51882494482752,100.358469961743,-8.73725227423756
8.51882494482752,100.358469961743,8.89267576275154
8.51882494482753,100.358469961743,26.5226037997407
8.51882494482752,100.358469961743,44.1525318367298
8.51882494482752,100.358469961743,61.7824598737189
8.51882494482754,117.988397998732,-8.73725227423757
8.51882494482753,117.988397998732,8.89267576275154
8.51882494482752,117.988397998732,26.5226037997407
8.51882494482753,117.988397998732,44.1525318367298
8.51882494482752,117.988397998732,61.7824598737189
8.51882494482755,135.618326035721,-8.73725227423757
8.51882494482752,135.618326035721,8.89267576275155
8.51882494482752,135.618326035721,26.5226037997407
8.51882494482753,135.618326035721,44.1525318367298
8.51882494482753,135.618326035721,61.7824598737189
25.4771975004018,-128.13892007923,-8.73725227423756
25.4771975004018,-128.13892007923,8.89267576275154
25.4771975004018,-128.13892007923,26.5226037997407
25.4771975004018,-128.13892007923,44.1525318367298
25.4771975004018,-128.13892007923,61.7824598737189
25.4771975004018,-110.508992042241,-8.73725227423756
25.4771975004018,-110.508992042241,8.89267576275154
25.4771975004018,-110.508992042241,26.5226037997407
25.4771975004018,-110.508992042241,44.1525318367298
25.4771975004018,-110.508992042241,61.7824598737189
25.4771975004018,-92.8790640052516,-8.73725227423756
25.4771975004018,-92.8790640052516,8.89267576275155
24.5651774344336,-92.6437925451117,26.2726049540809
23.5219603128151,-92.486348534698,43.5860423944753
22.6861503772542,-92.4445582290866,60.9393431188355
22.6009122650989,-74.8145952554738,-9.60973576791772
21.5252051466736,-74.8827247427515,7.63083769392109
20.7765436691193,-75.0077536650997,24.9685684819659
20.2355859609866,-75.1402120810052,42.3758508193373
19.8306344166755,-75.2639091465824,59.8324011995104
18.0743070863218,-58.4493230427658,-11.5155040714984
17.9282142456518,-58.5408189310233,6.03906191955708
17.8255180048246,-58.6076741925282,23.6153202165721
17.7494297521669,-58.6586008590427,41.2051031541222
17.6908151305186,-58.698659781375,58.8038791637846
17.2405247914549,-41.4020149466632,-11.9621322202619
17.2405247914549,-41.4020149466632,5.66779581672717
17.2405247914549,-41.4020149466632,23.2977238537163
17.2405247914549,-41.4020149466632,40.9276518907054
17.2405247914549,-41.4020149466632,58.5575799276945
17.2405247914549,-23.7720869096741,-11.9621322202619
17.2405247914549,-23.7720869096741,5.66779581672717
17.2405247914549,-23.7720869096741,23.2977238537163
17.2405247914549,-23.7720869096741,40.9276518907054
17.2405247914549,-23.7720869096741,58.5575799276945
31.354382762958,-20.1086217437376,-11.9621322202619
31.354382762958,-20.1086217437376,5.66779581672717
31.354382762958,-20.1086217437376,23.2977238537163
31.354382762958,-20.1086217437376,40.9276518907054
31.354382762958,-20.1086217437376,58.5575799276945
31.354382762958,-2.47869370674848,-11.9621322202619
31.354382762958,-2.47869370674848,5.66779581672717
31.354382762958,-2.47869370674848,23.2977238537163
31.354382762958,-2.47869370674848,40.9276518907054
31.354382762958,-2.47869370674848,58.5575799276945
31.354382762958,15.1512343302406,-11.9621322202619
31.354382762958,15.1512343302406,5.66779581672717
31.354382762958,15.1512343302406,23.2977238537163
31.354382762958,15.1512343302406,40.9276518907054
31.354382762958,15.1512343302406,58.5575799276945
31.3237090011564,32.7419193818605,-11.9330142173909
31.3448564675428,32.7689167818785,5.67686570915809
31.3487440263556,32.773907696862,23.3030953724464
31.3503782276813,32.7760083241569,40.9314675293169
31.3512780317024,32.7771656070228,58.5605385812793
26.1487529818166,47.4686858507757,-8.73725227423756
26.1487529818166,47.4686858507757,8.89267576275155
26.1487529818166,47.4686858507757,26.5226037997407
27.6354980465664,47.8183301046528,43.4581054811341
28.873234462871,48.3429680084288,60.402059721138
20.76141381966,83.2473651970647,-15.1870121662863
26.1487529818166,65.0986138877648,8.89267576275155
26.1487529818166,65.0986138877648,26.5226037997407
26.1487529818166,65.0986138877648,44.1525318367298
26.1487529818166,65.0986138877648,61.7824598737189
20.76141381966,100.877293234054,-15.1870121662863
26.1487529818166,82.7285419247539,8.89267576275154
26.1487529818166,82.7285419247539,26.5226037997407
26.1487529818166,82.7285419247539,44.1525318367298
26.1487529818166,82.7285419247539,61.7824598737189
20.76141381966,118.507221271043,-15.1870121662863
26.1487529818166,100.358469961743,8.89267576275155
26.1487529818166,100.358469961743,26.5226037997407
26.1487529818166,100.358469961743,44.1525318367298
26.1487529818166,100.358469961743,61.7824598737189
20.76141381966,136.137149308032,-15.1870121662863
20.7614138196601,136.137149308032,2.44291587070278
26.1487529818167,117.988397998732,26.5226037997406
26.1487529818166,117.988397998732,44.1525318367298
26.1487529818166,117.988397998732,61.7824598737189
20.76141381966,153.767077345021,-15.1870121662863
20.7614138196601,153.767077345021,2.44291587070278
26.1487529818166,135.618326035721,26.5226037997407
26.1487529818166,135.618326035721,44.1525318367298
26.1487529818166,135.618326035721,61.7824598737189
43.107125537391,-128.13892007923,-8.73725227423756
43.107125537391,-128.13892007923,8.89267576275154
43.107125537391,-128.13892007923,26.5226037997407
43.107125537391,-128.13892007923,44.1525318367298
43.107125537391,-128.13892007923,61.7824598737189
43.107125537391,-110.508992042241,-8.73725227423756
43.107125537391,-110.508992042241,8.89267576275155
43.107125537391,-110.508992042241,26.5226037997407
43.107125537391,-110.508992042241,44.1525318367298
42.7493721191524,-110.405606271965,61.6874277941404
43.107125537391,-92.8790640052516,-8.73725227423756
42.7611266018027,-92.7788451216398,8.80082896899281
41.8832671145406,-92.584414951871,26.1813661077029
41.134520044084,-92.4847176790535,43.5805024559481
40.4996161824541,-92.4472997975248,61.0018477193288
40.5345143403011,-74.8183041119033,-9.50609208223251
39.7585662145784,-74.8287380727816,7.85356236134999
39.1458997141047,-74.8838697410847,25.2572705100879
38.6558275411292,-74.9587761664642,42.6978233473066
38.2581055124695,-75.0404639090036,60.1683496917819
37.3022292801755,-57.6883314184834,-10.7567367165794
36.9764521531852,-57.8112075682572,6.72732459362587
36.7253527661337,-57.9164717891804,24.2419373912902
36.5264338469741,-58.0066844503362,41.7786483153182
36.3652490092674,-58.0843820959875,59.3317851586292
34.9970597272896,-41.303545965141,-11.8915794837258
34.9830025795997,-41.3142881105643,5.73056726687609
34.971754638179,-41.3229174554269,23.3542597685
34.9625503900118,-41.330001422522,40.9790790757391
34.9548792763235,-41.3359209703989,58.6047450852049
48.9843107999472,-37.7385497807267,-11.9621322202619
48.9843107999472,-37.7385497807267,5.66779581672717
48.9843107999472,-37.7385497807267,23.2977238537163
48.9843107999472,-37.7385497807267,40.9276518907054
48.9843107999472,-37.7385497807267,58.5575799276945
48.9843107999472,-20.1086217437376,-11.9621322202619
48.9843107999472,-20.1086217437376,5.66779581672717
48.9843107999472,-20.1086217437376,23.2977238537163
48.9843107999472,-20.1086217437376,40.9276518907054
48.9843107999472,-20.1086217437376,58.5575799276945
48.9843107999472,-2.47869370674848,-11.9621322202619
48.9843107999472,-2.47869370674848,5.66779581672717
48.9843107999472,-2.47869370674848,23.2977238537163
48.9843107999472,-2.47869370674848,40.9276518907054
48.9843107999472,-2.47869370674848,58.5575799276945
48.9843107999472,15.1512343302406,-11.9621322202619
48.9843107999472,15.1512343302406,5.66779581672717
48.9843107999472,15.1512343302406,23.2977238537163
48.9843107999472,15.1512343302406,40.9276518907054
48.9843107999472,15.1512343302406,58.5575799276945
48.9843107999472,32.7811623672298,-11.9621322202619
48.9843107999472,32.7811623672298,5.66779581672717
48.9843107999472,32.7811623672298,23.2977238537163
48.9843107999472,32.7811623672298,40.9276518907054
48.9843107999472,32.7811623672298,58.5575799276945
38.3913418566491,65.6174371600756,-15.1870121662863
33.1857120755077,62.6750326066324,5.66779581672717
48.9843107999472,50.4110904042189,23.2977238537163
48.9843107999472,50.4110904042189,40.9276518907054
48.9843107999472,50.4110904042189,58.5575799276945
38.3913418566491,83.2473651970647,-15.1870121662863
38.3913418566491,83.2473651970647,2.44291587070281
38.3913418566491,83.2473651970647,20.0728439076919
43.7786810188058,65.0986138877648,44.1525318367298
43.7786810188057,65.0986138877648,61.7824598737189
38.3913418566491,100.877293234054,-15.1870121662863
38.3913418566491,100.877293234054,2.44291587070281
38.3913418566491,100.877293234054,20.0728439076919
43.7786810188056,82.7285419247539,44.1525318367298
43.7786810188057,82.7285419247539,61.7824598737189
38.3913418566491,118.507221271043,-15.1870121662863
38.3913418566491,118.507221271043,2.4429158707028
38.3913418566491,118.507221271043,20.0728439076919
38.3913418566491,118.507221271043,37.702771944681
43.7786810188058,100.358469961743,61.7824598737189
38.3913418566491,136.137149308032,-15.1870121662863
38.3913418566491,136.137149308032,2.44291587070281
38.3913418566491,136.137149308032,20.0728439076919
38.3913418566491,136.137149308032,37.702771944681
43.7786810188058,117.988397998732,61.7824598737189
38.3913418566491,153.767077345021,-15.1870121662863
38.3913418566491,153.767077345021,2.44291587070281
38.3913418566491,153.767077345021,20.0728439076919
38.3913418566492,153.767077345021,37.702771944681
43.7786810188055,135.618326035721,61.782459873719
60.7370535743801,-128.13892007923,-8.73725227423756
60.7370535743801,-128.13892007923,8.89267576275155
60.7370535743801,-128.13892007923,26.5226037997407
60.7370535743801,-128.13892007923,44.1525318367298
60.7370535743801,-128.13892007923,61.7824598737189
60.7370535743801,-110.508992042241,-8.73725227423756
60.7370535743801,-110.508992042241,8.89267576275155
60.7370535743801,-110.508992042241,26.5226037997407
60.6644618006435,-110.486836630088,44.1335707439702
60.0699974456552,-110.32781811773,61.6020958587355
60.7370535743801,-92.8790640052516,-8.73725227423756
60.001266863525,-92.6820456399902,8.69295609139802
59.337835111457,-92.555655963343,26.128792436984
58.7542411422332,-92.4837743398462,43.5772426448999
58.2424359679878,-92.4507897150414,61.0398004375202
58.3089706981942,-74.8235604907975,-9.45771911064783
57.7061278002051,-74.8165445296814,7.96636438066871
57.199668657739,-74.8412538693005,25.4149923938964
56.7717168887717,-74.8843826413498,42.8856415725125
56.407528050422,-74.9375480710749,60.3755220827098
55.8425145487365,-57.4211129503437,-10.3699415660172
55.490889529731,-57.5115553258526,7.11407823951133
55.2023972864939,-57.5976240992194,24.6210516404291
54.9621968315151,-57.6777547620361,42.1462915701851
54.7595623485941,-57.7515467312841,59.6862110156266
67.091329187073,-54.6979739086858,-12.05417294769
67.0813272750722,-54.7133174353088,5.57779845842995
67.0717332566722,-54.7279770305337,23.2096813863888
67.0625228623593,-54.7419972705335,40.8414814439269
67.0536736950673,-54.7554189523929,58.4732037760748
66.6142388369363,-37.7385497807267,-11.9621322202619
66.6142388369363,-37.7385497807267,5.66779581672717
66.6142388369363,-37.7385497807267,23.2977238537163
66.6142388369363,-37.7385497807267,40.9276518907054
66.6142388369363,-37.7385497807267,58.5575799276945
66.6142388369363,-20.1086217437376,-11.9621322202619
66.6142388369363,-20.1086217437376,5.66779581672717
66.6142388369363,-20.1086217437376,23.2977238537163
66.6142388369363,-20.1086217437376,40.9276518907054
66.6142388369363,-20.1086217437376,58.5575799276945
66.6142388369363,-2.47869370674848,-11.9621322202619
66.6142388369363,-2.47869370674848,5.66779581672717
66.6142388369363,-2.47869370674848,23.2977238537163
66.6142388369363,-2.47869370674848,40.9276518907054
66.6142388369363,-2.47869370674848,58.5575799276945
66.6142388369363,15.1512343302406,-11.9621322202619
66.6142388369363,15.1512343302406,5.66779581672717
66.6142388369363,15.1512343302406,23.2977238537163
66.6142388369363,15.1512343302406,40.9276518907054
66.6142388369363,15.1512343302406,58.5575799276945
66.6142388369364,32.7811623672299,-11.962132220262
66.6142388369363,32.7811623672298,5.66779581672717
66.6142388369363,32.7811623672298,23.2977238537163
66.6142388369363,32.7811623672298,40.9276518907054
66.6142388369363,32.7811623672298,58.5575799276945
50.8156401124968,62.6750326066324,-11.9621322202619
50.8156401124968,62.6750326066324,5.66779581672717
50.8156401124968,62.6750326066324,23.2977238537163
66.6142388369363,50.4110904042189,40.9276518907054
66.6142388369363,50.4110904042189,58.5575799276945
56.0212698936382,83.2473651970647,-15.1870121662863
56.0212698936382,83.2473651970647,2.44291587070281
56.0212698936382,83.2473651970647,20.0728439076919
50.8156401124968,80.3049606436215,40.9276518907054
50.8156401124968,80.3049606436215,58.5575799276945
56.0212698936382,100.877293234054,-15.1870121662863
56.0212698936382,100.877293234054,2.44291587070281
56.0212698936382,100.877293234054,20.0728439076919
56.0212698936382,100.877293234054,37.702771944681
56.0212698936382,100.877293234054,55.3326999816701
56.0212698936382,118.507221271043,-15.1870121662863
56.0212698936382,118.507221271043,2.4429158707028
56.0212698936382,118.507221271043,20.0728439076919
56.0212698936382,118.507221271043,37.702771944681
56.0212698936382,118.507221271043,55.3326999816701
56.0212698936382,136.137149308032,-15.1870121662863
56.0212698936382,136.137149308032,2.4429158707028
56.0212698936382,136.137149308032,20.0728439076919
56.0212698936382,136.137149308032,37.702771944681
56.0212698936382,136.137149308032,55.3326999816701
56.0212698936382,153.767077345021,-15.1870121662863
56.0212698936382,153.767077345021,2.4429158707028
56.0212698936382,153.767077345021,20.0728439076919
56.0212698936382,153.767077345021,37.702771944681
56.0212698936382,153.767077345021,55.3326999816701
78.3669816113692,-128.13892007923,-8.73725227423756
78.3669816113692,-128.13892007923,8.89267576275154
78.3669816113692,-128.13892007923,26.5226037997407
78.3669816113692,-128.13892007923,44.1525318367298
78.3669816113692,-128.13892007923,61.7824598737189
78.3669816113692,-110.508992042241,-8.73725227423756
78.3669816113692,-110.508992042241,8.89267576275155
78.3669816113692,-110.508992042241,26.5226037997407
77.9767371482447,-110.396933211914,44.0486731279432
77.4868470771194,-110.280389285062,61.5416269203329
77.9774871427364,-92.7672040415614,-8.84090687208757
77.3875843126758,-92.6300664639697,8.62320856470637
76.8554800897456,-92.5389835656379,26.0946532883371
76.3774514821183,-92.4831595708164,43.5750955353749
75.9487853335909,-92.4539301421975,61.0652796070926
76.023353239183,-74.8276709967465,-9.42973660144252
75.5314147411137,-74.8145137746913,8.03424763862164
75.1027375804523,-74.8244221121239,25.5137285351432
74.7280700395248,-74.8496222087889,43.0076427761096
74.3993194601685,-74.8846736377224,60.5146886139413
85.8369957570405,-69.9903142163323,-12.3374700358357
85.8156617430195,-70.055248947887,5.29966450621859
85.794710071587,-70.1175921544951,22.9365436391444
85.7741451818541,-70.1774877803903,40.5731797869401
85.7539693060847,-70.2350698941706,58.2095846518069
85.5962683568324,-53.0208609474465,-12.2625410376662
85.5712926552755,-53.0819008562206,5.37449907216174
85.5470949344535,-53.1399573857366,23.0112219637863
85.5236502371671,-53.1952369774754,40.647647605596
85.5009332768538,-53.2479280589666,58.2837943956488
85.1412231037579,-36.3595196436137,-12.145654671233
85.1173134835786,-36.4037150389571,5.4898227301761
85.0946030751818,-36.4452031308871,23.1249784113105
85.073007715399,-36.484222321267,40.7598392308827
85.0524504671761,-36.5209841273071,58.3944291742179
84.2441668739254,-20.1086217437376,-11.9621322202619
84.2441668739254,-20.1086217437376,5.66779581672717
84.2441668739254,-20.1086217437376,23.2977238537163
84.2441668739254,-20.1086217437376,40.9276518907054
84.2441668739254,-20.1086217437376,58.5575799276945
84.2441668739254,-2.47869370674848,-11.9621322202619
84.2441668739254,-2.47869370674848,5.66779581672717
84.2441668739254,-2.47869370674848,23.2977238537163
84.2441668739254,-2.47869370674848,40.9276518907054
84.2441668739254,-2.47869370674848,58.5575799276945
84.2441668739254,15.1512343302406,-11.9621322202619
84.2441668739254,15.1512343302406,5.66779581672717
84.2441668739254,15.1512343302406,23.2977238537163
84.2441668739254,15.1512343302406,40.9276518907054
84.2441668739254,15.1512343302406,58.5575799276945
68.4455681494859,45.0451045696433,-11.9621322202619
84.244166873929,32.7811623672344,5.6677958167256
84.2441668739254,32.7811623672298,23.2977238537163
84.2441668739254,32.7811623672298,40.9276518907054
84.2441668739254,32.7811623672298,58.5575799276945
68.4455681494859,62.6750326066324,-11.9621322202619
68.4455681494859,62.6750326066324,5.66779581672717
68.4455681494859,62.6750326066324,23.2977238537163
68.4455681494859,62.6750326066324,40.9276518907054
68.445568149486,62.6750326066325,58.5575799276944
68.4455681494859,80.3049606436215,-11.9621322202619
68.4455681494859,80.3049606436215,5.66779581672717
68.4455681494859,80.3049606436215,23.2977238537163
68.4455681494859,80.3049606436215,40.9276518907054
68.4455681494859,80.3049606436215,58.5575799276945
73.6511979306273,100.877293234054,-15.1870121662863
73.6511979306273,100.877293234054,2.44291587070281
73.6511979306273,100.877293234054,20.0728439076919
73.6511979306273,100.877293234054,37.702771944681
68.4455681494859,97.9348886806107,58.5575799276945
73.6511979306273,118.507221271043,-15.1870121662863
73.6511979306273,118.507221271043,2.4429158707028
73.6511979306273,118.507221271043,20.0728439076919
73.6511979306273,118.507221271043,37.702771944681
73.6511979306273,118.507221271043,55.3326999816701
73.6511979306273,136.137149308032,-15.1870121662863
73.6511979306273,136.137149308032,2.4429158707028
73.6511979306273,136.137149308032,20.0728439076919
73.6511979306273,136.137149308032,37.702771944681
73.6511979306273,136.137149308032,55.3326999816701
73.6511979306273,153.767077345021,-15.1870121662863
73.6511979306273,153.767077345021,2.44291587070281
73.6511979306273,153.767077345021,20.0728439076919
73.6511979306273,153.767077345021,37.702771944681
73.6511979306273,153.767077345021,55.3326999816701
95.9969096483583,-128.13892007923,-8.73725227423756
95.9969096483583,-128.13892007923,8.89267576275155
95.9969096483583,-128.13892007923,26.5226037997407
95.9969096483583,-128.13892007923,44.1525318367298
95.9969096483583,-128.13892007923,61.7824598737189
95.9969096483583,-110.508992042241,-8.73725227423756
95.9969096483583,-110.508992042241,8.89267576275155
95.8236591763018,-110.457110898152,26.4770782405934
95.3770167371906,-110.338992489292,43.9853672367237
94.9612844424307,-110.248918906132,61.4966422211499
95.3364316933653,-92.6994338857054,-8.91577124215821
94.8511455835571,-92.5982930358663,8.57455839724041
94.407387044526,-92.5281974675989,26.0707129364232
94.0026230511823,-92.4827272065716,43.5735744745444
93.633869702785,-92.4565864801446,61.0835623905758
103.895989989707,-85.6054453025268,-12.5450874888062
103.88570672305,-85.6981551523449,5.0937445881637
103.874902492009,-85.7879671809289,22.7323561773046
103.863639778818,-85.8749937546682,40.3707529259403
103.851975504775,-85.9593429247771,58.0089404815361
103.870990388634,-68.1889601668463,-12.5244970671478
103.856828362009,-68.2949664283903,5.11577703950814
103.842099891345,-68.3969754365432,22.75573655953
103.826896634786,-68.4951777198985,40.3953920492294
103.811300143739,-68.5897543166635,58.0347539194671
103.82568377783,-50.8728137321663,-12.4936399319601
103.805163345294,-50.9955557021497,5.14855054741529
103.784136840805,-51.1124880364645,22.7902620304463
103.762739889228,-51.2239662518424,40.4315166449873
103.741088413345,-51.3303218388952,58.0723357467354
103.731160913426,-33.7472639287349,-12.4425503024208
103.699520705502,-33.8897550790666,5.2021498641948
103.667865165225,-34.0232703837275,22.8460573662335
103.636374664777,-34.1485605645223,40.4892262071565
103.605190016991,-34.2663031621119,58.1317066346626
103.483516804881,-17.0489511200461,-12.3431700766526
103.432557307012,-17.2044048061817,5.30400249360693
103.383785972079,-17.3456005070875,22.9497640532042
103.337227454644,-17.4743250025937,40.5942709113137
103.29285511659,-17.5920920167821,58.2376587522359
102.501299035425,-1.5700846123316,-12.0855325314684
102.455684294377,-1.64404190349919,5.55406658190967
102.416188362937,-1.70692466107453,23.1922663763697
102.381669971367,-1.76103687139097,40.829348930253
102.351252061181,-1.80808711298322,58.4655255346291
101.874094910914,15.1512343302406,-11.9621322202619
101.874094910914,15.1512343302406,5.66779581672717
101.874094910914,15.1512343302406,23.2977238537163
101.874094910914,15.1512343302406,40.9276518907054
101.874094910914,15.1512343302406,58.5575799276945
86.0754961864751,45.0451045696433,-11.9621322202619
86.0754961864751,45.0451045696433,5.66779581672718
86.0754961864751,45.0451045696433,23.2977238537163
86.075496186475,45.0451045696433,40.9276518907054
101.874094910914,32.7811623672297,58.5575799276945
86.0754961864751,62.6750326066324,-11.9621322202619
86.0754961864751,62.6750326066324,5.66779581672717
86.0754961864751,62.6750326066324,23.2977238537163
86.0754961864751,62.6750326066324,40.9276518907054
86.0754961864751,62.6750326066324,58.5575799276945
89.7876028333138,65.1568467490425,-10.8774265948586
86.0754961864751,80.3049606436215,5.66779581672717
86.0754961864751,80.3049606436215,23.2977238537163
86.0754961864751,80.3049606436215,40.9276518907054
86.0754961864751,80.3049606436215,58.5575799276945
89.7876028333138,82.7867747860316,-10.8774265948586
89.7876028333138,82.7867747860316,6.75250144213047
89.7876028333138,82.7867747860316,24.3824294791196
86.0754961864751,97.9348886806107,40.9276518907054
86.0754961864751,97.9348886806107,58.5575799276945
91.2811259676165,118.507221271043,-15.1870121662863
91.2811259676165,118.507221271043,2.4429158707028
89.7876028333138,100.416702823021,24.3824294791196
89.7876028333138,100.416702823021,42.0123575161087
89.7876028333138,100.416702823021,59.6422855530978
91.2811259676165,136.137149308032,-15.1870121662863
91.2811259676165,136.137149308032,2.44291587070281
91.2811259676165,136.137149308032,20.0728439076919
91.2811259676165,136.137149308032,37.702771944681
91.2811259676165,136.137149308032,55.3326999816701
91.2811259676165,153.767077345021,-15.1870121662863
91.2811259676165,153.767077345021,2.44291587070281
91.2811259676165,153.767077345021,20.0728439076919
91.2811259676165,153.767077345021,37.702771944681
91.2811259676165,153.767077345021,55.3326999816701
113.626837685347,-128.13892007923,-8.73725227423756
113.626837685347,-128.13892007923,8.89267576275155
113.626837685347,-128.13892007923,26.5226037997407
113.626837685347,-128.13892007923,44.1525318367298
113.578885734801,-128.124217215742,61.7699532412908
113.626837685347,-110.508992042241,-8.73725227423756
113.626837685347,-110.508992042241,8.89267576275154
113.218402233064,-110.392129033621,26.4137891391151
112.833470473015,-110.299100267991,43.9364870372503
112.472832302002,-110.226725308346,61.4619111451244
121.568706286003,-101.683420952247,-12.6852608542983
121.57327225435,-101.783635752931,4.953215562087
121.576755876117,-101.881532827587,22.59156132282
121.57922762183,-101.977164224896,40.2297761930963
121.580754022152,-102.070582141273,57.8678602216228
121.564788665187,-83.981284719959,-12.6913771676663
121.570885603726,-84.0985761448917,4.94850421054749
121.575488606223,-84.2127467245219,22.588212167891
121.578708759123,-84.3238760662448,40.2277461184903
121.580650052522,-84.43204418543,57.867105999669
121.558474293734,-66.2510686978599,-12.69981200144
121.567079865137,-66.3923979595488,4.94202279488807
121.573494452974,-66.5293022009161,22.5836166926671
121.577907931088,-66.6619118242661,40.2249681894478
121.580496032062,-66.7903584384719,57.8660768601864
121.547244151978,-48.4725005096521,-12.7121850881997
121.560403183882,-48.6501181708216,4.93254605541024
121.570052771518,-48.8209856619223,22.5769211961441
121.576557258814,-48.9853375678165,40.2209360679146
121.5802484871,-49.1434125943981,57.8645890001538
121.524072360731,-30.5997422766358,-12.7320675011803
121.546883749197,-30.8382460344311,4.91738510948998
121.563233577552,-31.0652425625379,22.5662637042054
121.57395768171,-31.2812138585928,40.21455353008
121.579799162142,-31.48666004233,57.8622478024518
121.46259998831,-12.5031988599937,-12.769109713805
121.512058808883,-12.8637014511023,4.88930183957589
121.546232118385,-13.2005527007261,22.5466712064544
121.567735035915,-13.51494434921,40.202924258238
121.578802205173,-13.8081946195032,57.8580241682613
121.186976730706,6.36882724417574,-12.8600262443044
121.364609713788,5.65990108721322,4.82039737319049
121.478601154175,5.02027422951777,22.4990615875527
121.544697390493,4.44738362461796,40.1751121542641
121.575510743509,3.9362524710866,57.8481234037541
115.791916301065,30.2993482248196,-13.0468378456652
117.932705042836,28.9461109636308,4.55580234427691
120.091335878699,26.4690954169273,22.2565913710086
121.17149837821,24.0516177730296,40.0261458307885
121.536745545901,22.165084871663,57.7978244178769
107.417530870303,29.8969906750642,-10.8774265948586
107.417530870303,29.8969906750643,6.75250144213047
107.417530870303,29.8969906750643,24.3824294791196
107.417530870303,29.8969906750643,42.0123575161087
107.417530870303,29.8969906750643,59.6422855530978
107.417530870303,47.5269187120534,-10.8774265948586
107.417530870303,47.5269187120534,6.75250144213047
107.417530870303,47.5269187120534,24.3824294791196
107.417530870303,47.5269187120534,42.0123575161087
107.417530870303,47.5269187120534,59.6422855530978
107.417530870303,65.1568467490425,-10.8774265948586
107.417530870303,65.1568467490425,6.75250144213047
107.417530870303,65.1568467490425,24.3824294791196
107.417530870303,65.1568467490425,42.0123575161087
107.417530870303,65.1568467490425,59.6422855530978
107.417530870303,82.7867747860316,-10.8774265948586
107.417530870303,82.7867747860316,6.75250144213047
107.417530870303,82.7867747860316,24.3824294791196
107.417530870303,82.7867747860316,42.0123575161087
107.417530870303,82.7867747860316,59.6422855530978
107.417530870303,100.416702823021,-10.8774265948586
107.417530870303,100.416702823021,6.75250144213047
107.417530870303,100.416702823021,24.3824294791196
107.417530870303,100.416702823021,42.0123575161087
107.417530870303,100.416702823021,59.6422855530978
107.417530870303,118.04663086001,-10.8774265948586
107.417530870303,118.04663086001,6.75250144213047
107.417530870303,118.04663086001,24.3824294791196
107.417530870303,118.04663086001,42.0123575161087
107.417530870303,118.04663086001,59.6422855530978
107.417530870303,135.676558896999,-10.8774265948586
107.417530870303,135.676558896999,6.75250144213047
107.417530870303,135.676558896999,24.3824294791196
107.417530870303,135.676558896999,42.0123575161087
107.417530870303,135.676558896999,59.6422855530978
131.256765722336,-128.13892007923,-8.73725227423756
131.256765722336,-128.13892007923,8.89267576275155
131.256765722336,-128.13892007923,26.5226037997407
131.256765722336,-128.13892007923,44.1525318367298
131.00537003856,-128.064755223847,61.716094370319
139.072722097591,-118.160651980245,-12.778548565353
139.088596426894,-118.257746314729,4.85887566427441
139.103247249883,-118.353206743306,22.4962393969216
139.116729206229,-118.447047681464,40.1335401566435
139.129095061941,-118.539284944445,57.7707757198879
139.033674421689,-100.313726686395,-12.7950568379918
139.05444891963,-100.425740707571,4.84335034468439
139.073559311662,-100.535698448854,22.4816899251159
139.091086235819,-100.643615255615,40.1199577249572
139.107107441716,-100.749509113504,57.7581499976094
138.975090520239,-82.4000462979558,-12.8161270949037
139.003401036015,-82.5319945494259,4.82352553249286
139.029341265407,-82.6612962425709,22.4631068354118
139.053036184164,-82.78796316261,40.1026092771766
139.07460620071,-82.9120124897694,57.7420261117003
138.881533858809,-64.384438084082,-12.8438099704219
138.922230947476,-64.5440887051386,4.79744206260778
138.959344072447,-64.7002587418356,22.4386323313424
138.99307852607,-64.8529402677509,40.0797460427987
139.023632417984,-65.0021375423574,57.7207699746188
138.719137935384,-46.2034422322161,-12.8813923674056
138.782054965886,-46.4034092465758,4.76189950485392
138.839112309826,-46.5987595803915,22.4051853644425
138.890669106284,-46.7894063349331,40.048432874368
138.937074905101,-46.9752937845838,57.6916131124602
138.402896009295,-27.7337403259987,-12.933943907095
138.510584934151,-27.9950769480339,4.71170144665658
138.607691906427,-28.2506562380812,22.3575640767767
138.694867071991,-28.5000719326152,40.003563429612
138.772764267483,-28.7430095229646,57.6496268118682
137.679482979221,-8.72360733011675,-13.0063349387832
137.891476682114,-9.07729686631568,4.64031712316963
138.082434302904,-9.42721547086707,22.2880797271861
138.253252876921,-9.77154583937427,39.9367305964863
138.405012568987,-10.1087534199399,57.5860598868389
135.661742260158,11.2333262533879,-13.0736020731118
136.13762073508,10.8034873461369,4.56166965752724
136.579232939978,10.3506676602764,22.2013257048568
136.98300410498,9.88151548449182,39.8450235593821
137.346865522834,9.40281439726714,57.4923053661971
133.421844338054,30.2993482248197,-13.0468378456652
133.421844338054,30.2993482248197,4.58309019132388
133.421844338054,30.2993482248197,22.213018228313
133.421844338054,30.2993482248197,39.8429462653021
133.421844338054,30.2993482248197,57.4728743022912
133.421844338054,47.9292762618088,-13.0468378456652
133.421844338054,47.9292762618088,4.58309019132388
133.421844338054,47.9292762618088,22.213018228313
133.421844338054,47.9292762618088,39.8429462653021
133.421844338054,47.9292762618088,57.4728743022912
133.421844338054,65.5592042987979,-13.0468378456652
133.421844338054,65.5592042987979,4.58309019132388
133.421844338054,65.5592042987979,22.213018228313
133.421844338054,65.5592042987979,39.8429462653021
133.421844338054,65.5592042987979,57.4728743022912
125.047458907293,65.1568467490421,-10.8774265948587
125.047458907292,65.1568467490425,6.75250144213047
125.047458907292,65.1568467490424,24.3824294791196
125.047458907292,65.1568467490424,42.0123575161087
125.047458907292,65.1568467490425,59.6422855530978
125.047458907292,82.7867747860316,-10.8774265948586
125.047458907292,82.7867747860316,6.75250144213047
125.047458907292,82.7867747860316,24.3824294791196
125.047458907292,82.7867747860316,42.0123575161087
125.047458907292,82.7867747860316,59.6422855530978
125.047458907292,100.416702823021,-10.8774265948586
125.047458907292,100.416702823021,6.75250144213047
125.047458907292,100.416702823021,24.3824294791196
125.047458907292,100.416702823021,42.0123575161087
125.047458907292,100.416702823021,59.6422855530978
125.047458907292,118.04663086001,-10.8774265948586
125.047458907292,118.04663086001,6.75250144213047
125.047458907292,118.04663086001,24.3824294791196
125.047458907292,118.04663086001,42.0123575161087
125.047458907292,118.04663086001,59.6422855530978
125.047458907292,135.676558896999,-10.8774265948586
125.047458907292,135.676558896999,6.75250144213047
125.047458907292,135.676558896999,24.3824294791196
125.047458907292,135.676558896999,42.0123575161087
125.047458907292,135.676558896999,59.6422855530978
156.519039773584,-134.933060906142,-12.8417736291896
156.542028187967,-135.023013786914,4.79453075675592
156.563863786909,-135.111864678319,22.4308168295982
156.584583784023,-135.199611065296,40.0670818124481
156.604224705984,-135.286251753835,57.7033230923887
156.441682725178,-117.022959929802,-12.8612387037096
156.470755694402,-117.124582259603,4.77567992204687
156.498323992058,-117.224914032931,22.4125877128394
156.524438125435,-117.323946410703,40.0494804200281
156.549147792833,-117.421672755345,57.6863540451802
156.332973832728,-99.0443203391809,-12.8846124058098
156.370770053173,-99.1605709163409,4.75300097032297
156.406545623926,-99.2753176153553,22.3906200666033
156.44037024581,-99.3885381836755,40.0282381307449
156.472312852976,-99.5002141940915,57.6658488013567
156.174012496601,-80.9706812777694,-12.9129372083642
156.2248212605,-81.1055196115481,4.7254266163713
156.272827858823,-81.2386471919851,22.3638315139591
156.318129079565,-81.3700127015251,40.0022663025809
156.360821658997,-81.4995717521871,57.6407204167377
155.930083887465,-62.76205333507,-12.9473663385036
156.001207119755,-62.920641821106,4.69170320321274
156.068311440977,-63.0774305865272,22.3308894727122
156.13152754895,-63.2323033034095,39.9701732117303
156.190989213865,-63.3851565803746,57.6095360950574
155.533402923448,-44.3581954341375,-12.9885737692708
155.637817258833,-44.5465066535469,4.65083886684509
155.736311816052,-44.7334039217696,22.2905328265083
155.829037652,-44.9186218521061,39.9304742729429
155.916160337252,-45.1019187087175,57.5706304644986
154.843913574214,-25.6752586222058,-13.0343601147773
155.005056162887,-25.8968332143151,4.60409989071698
155.157572578066,-26.1189339343494,22.243198554775
155.301508628145,-26.3409655638605,39.8828800988894
155.436962553493,-26.5623663339878,57.523088103302
153.567762400361,-6.63924397063509,-13.0710977183798
153.823907178605,-6.88113198524812,4.56263724519499
154.069452638558,-7.12977208555462,22.1976968613245
154.303773054065,-7.38405001238605,39.8340255504533
154.526382261757,-7.64282614854069,57.4715559105311
151.179568947866,12.608550459019,-13.050227704049
151.559530554311,12.4142158550536,4.5708029332049
151.936294838796,12.2007296080891,22.1937465906148
152.307490672864,11.9686238986062,39.8187189719383
152.670764468798,11.718770158872,57.4458045774751
151.051772375043,30.2993482248197,-13.0468378456652
151.051772375043,30.2993482248197,4.58309019132388
151.051772375043,30.2993482248197,22.213018228313
151.051772375043,30.2993482248197,39.8429462653021
151.051772375043,30.2993482248197,57.4728743022912
151.051772375043,47.9292762618088,-13.0468378456652
151.051772375043,47.9292762618088,4.58309019132388
151.051772375043,47.9292762618088,22.213018228313
151.051772375043,47.9292762618088,39.8429462653021
151.051772375043,47.9292762618088,57.4728743022912
151.051772375043,65.5592042987979,-13.0468378456652
151.051772375043,65.5592042987979,4.58309019132388
151.051772375043,65.5592042987979,22.213018228313
151.051772375043,65.5592042987979,39.8429462653021
151.051772375043,65.5592042987979,57.4728743022912
151.051772375043,83.189132335787,-13.0468378456652
151.051772375043,83.189132335787,4.58309019132388
151.051772375043,83.189132335787,22.213018228313
151.051772375043,83.189132335787,39.8429462653021
151.051772375043,83.189132335787,57.4728743022912
151.051772375043,100.819060372776,-13.0468378456652
151.051772375043,100.819060372776,4.58309019132388
151.051772375043,100.819060372776,22.213018228313
151.051772375043,100.819060372776,39.8429462653021
151.051772375043,100.819060372776,57.4728743022912
151.051772375044,118.448988409765,-13.0468378456652
151.051772375048,118.448988409763,4.58309019132376
142.677386944282,100.41670282302,24.3824294791196
142.677386944281,100.416702823021,42.0123575161087
142.677386944281,100.416702823021,59.6422855530978
142.677386944281,118.04663086001,-10.8774265948586
142.677386944281,118.04663086001,6.75250144213047
142.677386944281,118.04663086001,24.3824294791196
142.677386944281,118.04663086001,42.0123575161087
142.677386944281,118.04663086001,59.6422855530978
142.677386944281,135.676558896999,-10.8774265948586
142.677386944281,135.676558896999,6.75250144213047
142.677386944281,135.676558896999,24.3824294791196
142.677386944281,135.676558896999,42.0123575161087
142.677386944281,135.676558896999,59.6422855530978
