0.660798434566659,0.741283901446679,0.117658855723843
0.660798434566659,0.741283901446679,0.117658855723843
0.660798434566659,0.741283901446679,0.117658855723843
0.660798434566658,0.741283901446679,0.117658855723843
0.660798434566659,0.741283901446679,0.117658855723843
0.660798434566659,0.741283901446679,0.117658855723843
0.660798434566658,0.741283901446679,0.117658855723843
0.660798434566659,0.741283901446679,0.117658855723843
0.660798434566659,0.741283901446679,0.117658855723843
0.660798434566658,0.741283901446679,0.117658855723843
0.660798434566659,0.741283901446678,0.117658855723843
0.660798434566659,0.741283901446679,0.117658855723843
0.660798434566659,0.741283901446679,0.117658855723843
0.660798434566659,0.741283901446679,0.117658855723843
0.660798434566659,0.741283901446679,0.117658855723843
0.660798434566658,0.741283901446679,0.117658855723843
0.660798434566659,0.741283901446679,0.117658855723843
0.660798434566658,0.741283901446679,0.117658855723843
0.660798434566659,0.741283901446679,0.117658855723843
0.660798434566659,0.741283901446679,0.117658855723843
0.660798434566657,0.74128390144668,0.117658855723842
0.660798434566657,0.74128390144668,0.117658855723843
0.660798434566658,0.741283901446679,0.117658855723843
0.660798434566658,0.741283901446679,0.117658855723843
0.660798434566659,0.741283901446679,0.117658855723843
-0.66079843456666,-0.741283901446678,-0.117658855723843
-0.66079843456666,-0.741283901446678,-0.117658855723843
-0.660798434566662,-0.741283901446676,-0.117658855723843
-0.660798434566661,-0.741283901446677,-0.117658855723843
-0.660798434566656,-0.741283901446681,-0.117658855723842
-0.660798434566659,-0.741283901446679,-0.117658855723843
-0.660798434566659,-0.741283901446678,-0.117658855723843
-0.660798434566659,-0.741283901446679,-0.117658855723843
-0.660798434566658,-0.741283901446679,-0.117658855723842
-0.660798434566659,-0.741283901446679,-0.117658855723843
-0.660798434566659,-0.741283901446679,-0.117658855723843
-0.660798434566658,-0.741283901446679,-0.117658855723843
-0.660798434566658,-0.741283901446679,-0.117658855723843
-0.660798434566659,-0.741283901446678,-0.117658855723843
-0.660798434566658,-0.741283901446679,-0.117658855723843
-0.660798434566659,-0.741283901446678,-0.117658855723843
-0.660798434566659,-0.741283901446678,-0.117658855723843
-0.660798434566658,-0.741283901446679,-0.117658855723843
-0.660798434566659,-0.741283901446678,-0.117658855723843
-0.660798434566659,-0.741283901446678,-0.117658855723843
-0.660798434566659,-0.741283901446679,-0.117658855723843
-0.686823126224593,-0.717131602397834,-0.118305782299053
-0.716137109232877,-0.687762254159117,-0.118872715681726
-0.744433894719332,-0.656963257987442,-0.119236965944007
-0.771543603542447,-0.624872640500071,-0.119392843115509
-0.796483114788429,-0.592766293106125,-0.119343075266838
-0.81569466228446,-0.566077264114717,-0.119158503569983
-0.833949682493425,-0.538890900585164,-0.118846642088138
-0.851204149220054,-0.511302703437953,-0.118410480142619
-0.867424344578953,-0.483410188903562,-0.117854128888199
-0.868733798175057,-0.481065702017069,-0.117802284575319
-0.881204917093329,-0.457963067966453,-0.117250682169837
-0.892952829767359,-0.434780249238187,-0.116624948801044
-0.903974962676736,-0.411569903445802,-0.115928777407538
-0.914273137079771,-0.388383043188667,-0.115166152049219
-0.908875373839851,-0.40073269252619,-0.11558055185965
-0.917379150760749,-0.381065283968478,-0.114911892785343
-0.92536723631762,-0.361460903480788,-0.114199357286907
-0.93284614430838,-0.34194759028198,-0.113445654607551
-0.939824155832126,-0.322551908578057,-0.112653550264002
-0.932935250726885,-0.341707574406683,-0.11343611217009
-0.939020817679397,-0.324849859718813,-0.112749601353551
-0.944734768398588,-0.308097647539622,-0.112035962795061
-0.950084357156726,-0.29146643641972,-0.111297038266436
-0.955077574991713,-0.27497074997127,-0.110534666092531
-0.948321868637303,-0.297056407461206,-0.111548752796688
-0.952859543912736,-0.282424683576489,-0.110882765482884
-0.957122334097811,-0.267904770478598,-0.110199235596119
-0.96111640829979,-0.253505675011602,-0.109499417504496
-0.964848257340887,-0.239235787515999,-0.108784549812248
-0.958696743256458,-0.262327624602683,-0.109930759297724
-0.962196513081543,-0.249462611233385,-0.109299020171002
-0.965487233142135,-0.236703169384168,-0.108655474979564
-0.96857381510887,-0.224054790951152,-0.108000996927265
-0.971461316084031,-0.211522573864011,-0.107336443476702
0.269366958107831,-0.907437565464993,0.322487994602437
0.269366958107831,-0.907437565464993,0.322487994602437
0.269366958107831,-0.907437565464993,0.322487994602437
0.269366958107831,-0.907437565464993,0.322487994602437
0.269366958107831,-0.907437565464993,0.322487994602437
0.660798434566659,0.741283901446678,0.117658855723843
0.660798434566659,0.741283901446678,0.117658855723843
0.660798434566659,0.741283901446679,0.117658855723843
0.660798434566659,0.741283901446679,0.117658855723843
0.660798434566659,0.741283901446679,0.117658855723843
0.660798434566659,0.741283901446679,0.117658855723843
0.660798434566659,0.741283901446679,0.117658855723843
0.660798434566659,0.741283901446679,0.117658855723843
0.660798434566659,0.741283901446678,0.117658855723843
0.660798434566659,0.741283901446679,0.117658855723843
0.660798434566659,0.741283901446679,0.117658855723843
0.660798434566659,0.741283901446679,0.117658855723843
0.660798434566658,0.741283901446679,0.117658855723843
0.660798434566659,0.741283901446679,0.117658855723843
0.660798434566659,0.741283901446679,0.117658855723843
0.660798434566659,0.741283901446678,0.117658855723843
0.660798434566659,0.741283901446679,0.117658855723843
0.660798434566658,0.741283901446679,0.117658855723843
0.660798434566659,0.741283901446678,0.117658855723843
0.660798434566659,0.741283901446678,0.117658855723843
0.660798434566658,0.741283901446679,0.117658855723843
0.660798434566659,0.741283901446679,0.117658855723843
0.660798434566659,0.741283901446679,0.117658855723843
0.660798434566659,0.741283901446679,0.117658855723843
0.660798434566659,0.741283901446678,0.117658855723843
0.66079843456666,0.741283901446678,0.117658855723843
0.660798434566658,0.74128390144668,0.117658855723843
0.660798434566659,0.741283901446678,0.117658855723843
0.66079843456666,0.741283901446677,0.117658855723843
0.660798434566659,0.741283901446678,0.117658855723843
-0.660798434566665,-0.741283901446673,-0.117658855723843
-0.660798434566663,-0.741283901446675,-0.117658855723843
-0.660798434566659,-0.741283901446679,-0.117658855723843
-0.660798434566675,-0.741283901446664,-0.117658855723843
-0.660798434566658,-0.741283901446679,-0.117658855723843
-0.660798434566659,-0.741283901446678,-0.117658855723843
-0.660798434566659,-0.741283901446679,-0.117658855723843
-0.660798434566658,-0.741283901446679,-0.117658855723843
-0.660798434566659,-0.741283901446679,-0.117658855723843
-0.660798434566658,-0.741283901446679,-0.117658855723843
-0.660798434566658,-0.741283901446679,-0.117658855723843
-0.671624293600533,-0.731443883457056,-0.11794343389458
-0.729646714743142,-0.673377962892442,-0.119070528492002
-0.783374130237137,-0.609975421788997,-0.11939412417931
-0.831623639488292,-0.542463113284301,-0.118894461478034
-0.847640227740472,-0.51716606289269,-0.11851290101991
-0.873954391120113,-0.471569319666877,-0.1175844334544
-0.897432448554862,-0.425530662148354,-0.116355729779024
-0.918050275010467,-0.379462699466135,-0.114855353671823
-0.935850263828516,-0.333749974596582,-0.113116038424608
-0.922289098503722,-0.369155971718162,-0.114484441414589
-0.9352479706848,-0.335411298851334,-0.11318345255745
-0.946719202012105,-0.302043240628103,-0.111770449280822
-0.956758916175448,-0.269174899391076,-0.110259919538274
-0.965434303783578,-0.236914018240052,-0.108666246089903
-0.952483331195945,-0.28366839851351,-0.110940269869225
-0.959946065796237,-0.257812042370923,-0.109710991112373
-0.966566872736099,-0.232359336823865,-0.108432555627592
-0.972384327245847,-0.207354202340152,-0.107111880286553
-0.977439171891035,-0.182834386982303,-0.10575562486115
-0.96729671340394,-0.229374981480096,-0.108278280873597
-0.972094772489858,-0.208670928843076,-0.107183005899535
-0.976367848509782,-0.18829882648641,-0.106063077176843
-0.980139853572041,-0.168277193140193,-0.1049221316436
-0.98343513327604,-0.148621818723224,-0.103763643140258
-0.975588009807038,-0.192178789202634,-0.106279575184283
-0.978918849562625,-0.175007627056787,-0.105310096585937
-0.981896309619814,-0.158099699317555,-0.104326996653262
-0.984535625149195,-0.141463859723605,-0.103332372488897
-0.986852075460069,-0.125107615987495,-0.102328224757783
-0.980679906404616,-0.165213804435737,-0.104744069035457
-0.983123871216263,-0.150586079262822,-0.103881117519013
-0.985315772010952,-0.136168095642122,-0.103010092494183
-0.987265746490884,-0.121964502260932,-0.102132296527795
-0.988983889325963,-0.107979220080742,-0.10124897374515
0.269366958107831,-0.907437565464993,0.322487994602437
0.269366958107831,-0.907437565464993,0.322487994602437
0.269366958107831,-0.907437565464993,0.322487994602437
-0.989078144008409,-0.107161750756435,-0.101196759926874
-0.990404489121445,-0.0949571454276237,-0.1004096034268
0.269366958107831,-0.907437565464993,0.322487994602437
0.269366958107831,-0.907437565464993,0.322487994602437
0.26936695810783,-0.907437565464993,0.322487994602437
0.269366958107831,-0.907437565464993,0.322487994602437
0.269366958107831,-0.907437565464993,0.322487994602437
-0.202211409966351,-0.92472268222247,-0.322487994602437
-0.202211409966351,-0.92472268222247,-0.322487994602437
-0.202211409966351,-0.92472268222247,-0.322487994602437
-0.202211409966351,-0.92472268222247,-0.322487994602437
-0.202211409966351,-0.92472268222247,-0.322487994602437
-0.202211409966351,-0.92472268222247,-0.322487994602437
-0.202211409966351,-0.92472268222247,-0.322487994602437
-0.202211409966351,-0.92472268222247,-0.322487994602437
-0.202211409966351,-0.92472268222247,-0.322487994602437
0.62145586092834,-0.78344917698458,-5.48335392844833E-17
0.62145586092834,-0.78344917698458,-1.52405477957693E-17
0.62145586092834,-0.78344917698458,-1.64395227955924E-17
0.62145586092834,-0.78344917698458,-1.78432527856279E-17
0.62145586092834,-0.78344917698458,-1.95090850685597E-17
0.62145586092834,-0.78344917698458,-2.15179877679891E-17
0.660798434566659,0.741283901446678,0.117658855723843
0.62145586092834,-0.78344917698458,-3.97021973163895E-17
0.62145586092834,-0.78344917698458,-4.33996973540649E-17
0.62145586092834,-0.78344917698458,-4.78566264419431E-17
0.62145586092834,-0.78344917698458,-5.3333730405865E-17
0.660798434566658,0.741283901446679,0.117658855723843
0.62145586092834,-0.78344917698458,-2.55190950437322E-17
0.621455860928341,-0.78344917698458,-2.82579942759009E-17
0.62145586092834,-0.78344917698458,-3.16554979437846E-17
0.62145586092834,-0.78344917698458,-3.59816261794842E-17
0.660798434566659,0.741283901446678,0.117658855723843
0.66079843456666,0.741283901446678,0.117658855723843
0.621455860928341,-0.783449176984579,5.2173705525624E-17
0.621455860928341,-0.78344917698458,6.05211107255216E-17
0.621455860928341,-0.783449176984579,7.20483040003152E-17
0.660798434566656,0.741283901446681,0.117658855723842
0.660798434566658,0.74128390144668,0.117658855723842
0.62145586092834,-0.78344917698458,5.29934557810673E-18
0.621455860928341,-0.783449176984579,6.95752556292533E-18
0.621455860928341,-0.783449176984579,1.01259696604892E-17
-0.66079843456667,-0.741283901446668,-0.117658855723843
-0.660798434566654,-0.741283901446683,-0.117658855723842
-0.914880330258985,0.399777548387711,-0.0563195624123775
-0.741194590735637,0.671001541237273,-0.0196852818480053
-0.695103367400159,0.718813458958672,-0.0117694455616444
-0.978635694853016,-0.176532080400582,-0.105397349819609
-0.992631954673588,-0.0701897067746474,-0.0987684545985303
-0.995481016768027,0.0233449681101991,-0.0920464975891438
-0.990867205425245,0.104212685551967,-0.0855680862402146
-0.981615205963347,0.173518504142949,-0.0795167664177093
-0.991368519222763,-0.0850656537522492,-0.0997611830611897
-0.994739584773172,-0.0348495146836878,-0.0963258522495819
-0.995602606223704,0.0119957981639376,-0.0929061424609731
-0.994434333412796,0.0555188880652409,-0.0895433392154187
-0.991651668674199,0.0958374286231078,-0.0862679273576628
-0.993633312814368,-0.0559331950199563,-0.0977973279819202
-0.995160365903037,-0.0231725882865607,-0.0954928127548599
-0.995614637430795,0.00807148125421433,-0.0932005628948078
-0.995138771205821,0.0378161847116259,-0.0909327345724545
-0.993863244705348,0.0660930500351553,-0.0886992647140205
-0.99443145846861,-0.0416513506275765,-0.0968051620467218
-0.995318986663338,-0.01735598297755,-0.0950730489799804
-0.995614846770171,0.00608182081064795,-0.0933492814457369
-0.995379494342614,0.0286698620433235,-0.091638972346154
-0.994669485916522,0.0504206066563575,-0.0899465186150424
-0.994808274497698,-0.0331761804702692,-0.0962072660474065
-0.995397740840708,-0.0138733247588771,-0.0948201897770169
-0.995613051283442,0.00487908921000709,-0.0934389993661923
-0.995485242203344,0.0230852222205965,-0.0920663080088207
-0.995043741526914,0.04075117694662,-0.0907044322267909
-0.995018092195237,-0.0275658023419597,-0.0958077384421268
-0.995443438068726,-0.0115546669950955,-0.0946512085318842
-0.995611038842278,0.0040735134407502,-0.0934990150945353
-0.995538886955107,0.0193212099127993,-0.0923526686549591
-0.995244195660511,0.0341918401606274,-0.0912135355662349
0.269366958107831,-0.907437565464993,0.322487994602437
-0.995472756952121,-0.00990003031148837,-0.0945303103029699
-0.99560919718621,0.00349625308990902,-0.0935419835825726
-0.99556871121297,0.0166124099582379,-0.0925579228868421
-0.995362221708819,0.0294505394564615,-0.0915790004346373
0.269366958107831,-0.907437565464993,0.322487994602437
0.269366958107831,-0.907437565464993,0.322487994602437
0.269366958107831,-0.907437565464993,0.322487994602437
0.269366958107831,-0.907437565464993,0.322487994602437
0.269366958107831,-0.907437565464993,0.322487994602437
0.269366958107831,-0.907437565464993,0.322487994602437
0.269366958107831,-0.907437565464993,0.322487994602437
0.269366958107831,-0.907437565464993,0.322487994602437
0.269366958107831,-0.907437565464993,0.322487994602437
0.269366958107831,-0.907437565464993,0.322487994602437
-0.202211409966351,-0.92472268222247,-0.322487994602437
-0.202211409966351,-0.92472268222247,-0.322487994602437
-0.202211409966351,-0.92472268222247,-0.322487994602437
-0.202211409966352,-0.92472268222247,-0.322487994602437
-0.202211409966351,-0.92472268222247,-0.322487994602437
-0.202211409966351,-0.92472268222247,-0.322487994602437
-0.202211409966351,-0.92472268222247,-0.322487994602437
-0.202211409966351,-0.92472268222247,-0.322487994602437
-0.202211409966351,-0.92472268222247,-0.322487994602437
-0.202211409966351,-0.92472268222247,-0.322487994602437
0.62145586092834,-0.78344917698458,0
0.62145586092834,-0.78344917698458,0
0.62145586092834,-0.78344917698458,0
0.62145586092834,-0.78344917698458,0
0.62145586092834,-0.78344917698458,0
0.621455860928341,-0.78344917698458,-3.55353363396463E-17
0.62145586092834,-0.78344917698458,-3.99699932540427E-17
0.62145586092834,-0.78344917698458,-4.56693287742985E-17
0.62145586092834,-0.78344917698458,-5.3264304910779E-17
0.62145586092834,-0.78344917698458,-6.38893345356233E-17
0.62145586092834,-0.78344917698458,-8.23521554347465E-18
0.62145586092834,-0.78344917698458,-9.55375228837625E-18
0.62145586092834,-0.78344917698458,-1.13749982665053E-17
0.62145586092834,-0.78344917698458,-1.40541645048366E-17
0.62145586092834,-0.78344917698458,-1.83842208959119E-17
0.621455860928341,-0.783449176984579,9.49707517330966E-17
0.621455860928341,-0.783449176984579,1.19914104887544E-16
0.621455860928341,-0.783449176984579,1.62626813443326E-16
0.621455860928341,-0.783449176984579,2.52602280416874E-16
0.621455860928343,-0.783449176984578,5.65438989486625E-16
0.62145586092834,-0.78344917698458,-5.62418051719244E-17
0.62145586092834,-0.78344917698458,-2.01177316929926E-16
-0.621455860928341,0.783449176984579,-1.27569090291684E-16
-0.621455860928341,0.78344917698458,-4.84296251298491E-17
-0.62145586092834,0.783449176984579,-2.98880866707588E-17
-0.621455860928341,0.78344917698458,0
-0.62145586092834,0.78344917698458,0
-0.62145586092834,0.78344917698458,0
-0.621455860928341,0.78344917698458,0
-0.621455860928341,0.78344917698458,0
-0.735121924234042,0.67767932913311,-0.018614063933955
-0.725747593646229,0.687751535672804,-0.0169780887148102
-0.717781737986781,0.696093303647976,-0.0156041414093562
-0.710933177764797,0.703111417369952,-0.0144343866258397
-0.704984772101764,0.709095334875288,-0.0134267331368025
-0.914370156843963,0.40096220693075,-0.0561829590389245
-0.903899421569463,0.424393017913255,-0.0534453181566794
-0.893886822857384,0.445389945949786,-0.0509327396551369
-0.884352615197976,0.464280398742647,-0.0486226627805264
-0.875299349538452,0.481341143919606,-0.0464946434304803
-0.958685934921262,0.275792287272654,-0.069712928966326
-0.952420101200434,0.297215062494185,-0.0675215332759408
-0.946103026765974,0.317186832743048,-0.0654337518311181
-0.939785233085838,0.335824916388016,-0.0634455767313912
-0.933506549061566,0.353237585529569,-0.061552668735045
-0.975001629292387,0.208699713101046,-0.0762643601476627
-0.971055153829833,0.226929842849092,-0.0745300922111667
-0.96696719773473,0.244269220676012,-0.0728490654392918
-0.962771453029389,0.260765632463132,-0.0712208828770171
-0.958497054850377,0.27646517222456,-0.0696448446763867
-0.982620905146468,0.167469325715708,-0.0800636104198543
-0.979954123539059,0.183041866094339,-0.0786485283746454
-0.977146794573798,0.198026238644486,-0.077264161565821
-0.974220030881595,0.212445004393723,-0.0759108130454083
-0.971192866049321,0.226320472722853,-0.0745886087912288
-0.986748217959082,0.139703821911772,-0.0825275499322479
-0.984841474983247,0.153203244748565,-0.0813390124806873
-0.982812590386855,0.166289531879246,-0.0801698432358493
-0.980675199296357,0.178974648229489,-0.0790204326499242
-0.978441892269541,0.191270606181296,-0.0778910692123252
0.269366958107831,-0.907437565464993,0.322487994602437
0.269366958107831,-0.907437565464993,0.322487994602437
0.269366958107831,-0.907437565464993,0.322487994602437
0.269366958107831,-0.907437565464993,0.322487994602437
0.269366958107831,-0.907437565464993,0.322487994602437
0.269366958107831,-0.907437565464993,0.322487994602437
0.269366958107831,-0.907437565464993,0.322487994602437
0.269366958107831,-0.907437565464993,0.322487994602437
0.269366958107831,-0.907437565464993,0.322487994602437
0.269366958107831,-0.907437565464993,0.322487994602437
0.269366958107831,-0.907437565464993,0.322487994602437
0.269366958107831,-0.907437565464993,0.322487994602437
0.269366958107831,-0.907437565464993,0.322487994602437
0.269366958107831,-0.907437565464993,0.322487994602437
0.269366958107831,-0.907437565464993,0.322487994602437
-0.202211409966351,-0.92472268222247,-0.322487994602437
-0.202211409966352,-0.92472268222247,-0.322487994602437
-0.202211409966351,-0.92472268222247,-0.322487994602437
-0.202211409966351,-0.92472268222247,-0.322487994602437
-0.202211409966351,-0.92472268222247,-0.322487994602437
-0.202211409966351,-0.92472268222247,-0.322487994602437
-0.202211409966351,-0.92472268222247,-0.322487994602437
-0.202211409966351,-0.92472268222247,-0.322487994602437
-0.202211409966351,-0.92472268222247,-0.322487994602437
-0.202211409966351,-0.92472268222247,-0.322487994602437
-0.202211409966351,-0.92472268222247,-0.322487994602437
0.62145586092834,-0.78344917698458,-1.38070425401996E-16
0.62145586092834,-0.78344917698458,-1.63159677310867E-16
0.62145586092834,-0.78344917698458,-1.99391857583553E-16
0.62145586092834,-0.78344917698458,-2.56309404194433E-16
0.621455860928341,-0.78344917698458,-2.45974865109515E-17
0.62145586092834,-0.78344917698458,-2.95089804393102E-17
0.62145586092834,-0.78344917698458,-3.68712293912823E-17
0.62145586092834,-0.78344917698458,-4.91283504973512E-17
0.62145586092834,-0.78344917698458,-7.3592862264742E-17
0.62145586092834,-0.78344917698458,-1.01754303785497E-16
0.62145586092834,-0.78344917698458,-1.35330371053366E-16
0.62145586092834,-0.78344917698458,-2.01977176162478E-16
0.621455860928339,-0.783449176984581,-3.97964867120676E-16
0.621455860928302,-0.78344917698461,-1.3420155043622E-14
0.62145586092834,-0.78344917698458,-1.75297020815143E-16
0.621455860928339,-0.783449176984581,-6.18440181045791E-16
-0.621455860928342,0.783449176984579,-4.04749986414883E-16
-0.621455860928341,0.783449176984579,-1.52478696013651E-16
-0.621455860928341,0.783449176984579,-9.39326507646071E-17
-0.62145586092834,0.78344917698458,6.417946933769E-17
-0.62145586092834,0.78344917698458,4.39188338436277E-17
-0.62145586092834,0.78344917698458,3.33809089369378E-17
-0.62145586092834,0.78344917698458,2.69213707681802E-17
-0.62145586092834,0.78344917698458,2.25564694012104E-17
-0.62145586092834,0.78344917698458,4.54119353952906E-17
-0.621455860928341,0.78344917698458,3.98073666121988E-17
-0.621455860928341,0.78344917698458,3.54342107512695E-17
-0.62145586092834,0.78344917698458,3.19267980329484E-17
-0.62145586092834,0.78344917698458,2.9051199958218E-17
-0.62145586092834,0.78344917698458,2.7037722129126E-17
-0.62145586092834,0.78344917698458,2.52575947171927E-17
-0.62145586092834,0.78344917698458,2.36973902803032E-17
-0.62145586092834,0.78344917698458,2.23187248183985E-17
-0.62145586092834,0.78344917698458,2.10916556422405E-17
-0.720275437004199,0.693502882319479,-0.0160326873288372
-0.716251999651391,0.697673059226609,-0.0153419498359245
-0.712539585529684,0.701477739304594,-0.0147078316995441
-0.70910390926331,0.70496252888275,-0.0141236942309318
-0.705915480703363,0.708165808282356,-0.0135838905744097
-0.844796149359317,0.533612452394483,-0.0397141873543476
-0.838814627320432,0.543058031657057,-0.0384447037450838
-0.833107790558912,0.551854943065358,-0.0372495788483486
-0.82766105978233,0.560064558471923,-0.0361228523740858
-0.822460271990336,0.567741101096663,-0.0350591375126596
-0.903737154669993,0.424743672006399,-0.0534038234539928
-0.898599886063179,0.435664384260861,-0.0521036376258548
-0.893584402486664,0.446004876714157,-0.0508582891940052
-0.888692512650139,0.45580589656143,-0.0496649032961234
-0.883924887976739,0.465104858638673,-0.0485207469646636
-0.934773955052697,0.349803495471502,-0.0619287292866372
-0.930717041688875,0.360661960999765,-0.0607349833103922
-0.926694794754409,0.371062164163625,-0.0595787520957813
-0.922713291072622,0.381028546622928,-0.0584587815161232
-0.918777591336913,0.390584154500323,-0.0573738260046206
0.269366958107831,-0.907437565464993,0.322487994602437
0.269366958107831,-0.907437565464993,0.322487994602437
0.269366958107831,-0.907437565464993,0.322487994602437
0.269366958107831,-0.907437565464993,0.322487994602437
0.269366958107831,-0.907437565464993,0.322487994602437
0.269366958107831,-0.907437565464993,0.322487994602437
0.269366958107831,-0.907437565464993,0.322487994602437
0.269366958107831,-0.907437565464993,0.322487994602437
0.269366958107831,-0.907437565464993,0.322487994602437
0.269366958107831,-0.907437565464993,0.322487994602437
0.269366958107831,-0.907437565464993,0.322487994602437
0.269366958107831,-0.907437565464993,0.322487994602437
0.269366958107831,-0.907437565464993,0.322487994602437
0.269366958107831,-0.907437565464993,0.322487994602437
0.269366958107831,-0.907437565464993,0.322487994602437
0.269366958107831,-0.907437565464993,0.322487994602437
0.269366958107831,-0.907437565464993,0.322487994602437
0.269366958107831,-0.907437565464993,0.322487994602437
0.269366958107831,-0.907437565464993,0.322487994602437
0.269366958107831,-0.907437565464993,0.322487994602437
-0.202211409966351,-0.92472268222247,-0.322487994602437
-0.20221140996635,-0.92472268222247,-0.322487994602437
-0.202211409966351,-0.92472268222247,-0.322487994602437
-0.202211409966352,-0.924722682222469,-0.322487994602438
-0.20221140996635,-0.92472268222247,-0.322487994602437
-0.202211409966351,-0.92472268222247,-0.322487994602437
-0.202211409966351,-0.92472268222247,-0.322487994602437
-0.202211409966351,-0.92472268222247,-0.322487994602437
-0.202211409966351,-0.92472268222247,-0.322487994602437
-0.202211409966352,-0.92472268222247,-0.322487994602437
-0.202211409966351,-0.92472268222247,-0.322487994602437
-0.202211409966351,-0.92472268222247,-0.322487994602437
0.62145586092834,-0.78344917698458,-1.31250533324637E-16
0.62145586092834,-0.78344917698458,-1.91023602698098E-16
0.62145586092834,-0.78344917698458,-3.50767197740037E-16
0.621455860928341,-0.783449176984579,1.31376107688091E-16
0.621455860928341,-0.783449176984579,1.82532925145398E-16
0.621455860928341,-0.783449176984579,2.98936392500288E-16
0.621455860928342,-0.783449176984578,8.25135060510397E-16
-0.621455860928338,0.783449176984582,1.08536666616201E-15
0.62145586092834,-0.78344917698458,-2.73689317081806E-16
0.621455860928338,-0.783449176984581,-8.56641599451322E-16
-0.621455860928343,0.783449176984578,-7.58104528033556E-16
-0.621455860928341,0.783449176984579,-2.62777009195174E-16
-0.621455860928341,0.783449176984579,-1.58933578434612E-16
-0.62145586092834,0.78344917698458,8.8893802491995E-17
-0.62145586092834,0.78344917698458,4.94858510263262E-17
-0.621455860928341,0.78344917698458,3.428624575728E-17
-0.62145586092834,0.78344917698458,2.62297608607601E-17
-0.62145586092834,0.78344917698458,2.12390654343875E-17
-0.621455860928341,0.783449176984579,-2.59179268464324E-17
-0.621455860928341,0.783449176984579,-2.14802215136183E-17
-0.621455860928341,0.78344917698458,-1.83400169875475E-17
-0.62145586092834,0.78344917698458,-1.60008452664865E-17
-0.621455860928341,0.783449176984579,-1.41908746101012E-17
-0.621455860928341,0.78344917698458,2.96794240704384E-17
-0.621455860928341,0.78344917698458,2.68923552776829E-17
-0.62145586092834,0.783449176984579,2.45837953579543E-17
-0.62145586092834,0.78344917698458,2.26402547444323E-17
-0.621455860928341,0.78344917698458,2.09815033853209E-17
-0.62145586092834,0.78344917698458,0
-0.62145586092834,0.78344917698458,0
-0.62145586092834,0.78344917698458,0
-0.62145586092834,0.78344917698458,0
-0.62145586092834,0.78344917698458,0
-0.62145586092834,0.78344917698458,3.09114268281068E-17
-0.62145586092834,0.78344917698458,2.97594208350771E-17
-0.62145586092834,0.78344917698458,2.86901956107429E-17
-0.62145586092834,0.78344917698458,2.76951379368195E-17
-0.62145586092834,0.78344917698458,2.67667894645956E-17
-0.715696724978688,0.698244749107198,-0.0152469078506193
-0.713150006244024,0.700854961160201,-0.0148118874989361
-0.710735777190871,0.703311645923585,-0.0144008239051199
-0.708444084061228,0.705627840353024,-0.0140118049292154
-0.706265932863218,0.707815157709195,-0.0136431152584786
-0.808833179370027,0.587149041911032,-0.0323247665595552
-0.804994566296119,0.592441759248907,-0.0315675487135719
-0.801299312961566,0.597468052856614,-0.030843749173017
-0.797740335250206,0.602246840946176,-0.0301512866265976
-0.794310925668,0.606795350153365,-0.0294882416684878
0.269366958107831,-0.907437565464993,0.322487994602437
0.269366958107831,-0.907437565464993,0.322487994602437
0.269366958107831,-0.907437565464993,0.322487994602437
0.269366958107831,-0.907437565464993,0.322487994602437
0.269366958107831,-0.907437565464993,0.322487994602437
0.26936695810783,-0.907437565464993,0.322487994602437
0.269366958107831,-0.907437565464993,0.322487994602437
0.269366958107831,-0.907437565464993,0.322487994602437
0.269366958107831,-0.907437565464993,0.322487994602437
0.269366958107831,-0.907437565464993,0.322487994602437
0.269366958107831,-0.907437565464993,0.322487994602437
0.269366958107831,-0.907437565464993,0.322487994602437
0.269366958107831,-0.907437565464993,0.322487994602437
0.269366958107831,-0.907437565464993,0.322487994602437
0.269366958107831,-0.907437565464993,0.322487994602437
0.269366958107831,-0.907437565464993,0.322487994602437
0.269366958107831,-0.907437565464993,0.322487994602437
0.269366958107831,-0.907437565464993,0.322487994602437
0.269366958107831,-0.907437565464993,0.322487994602437
0.269366958107831,-0.907437565464993,0.322487994602437
0.269366958107831,-0.907437565464993,0.322487994602437
0.269366958107831,-0.907437565464993,0.322487994602437
0.269366958107831,-0.907437565464993,0.322487994602437
0.269366958107831,-0.907437565464993,0.322487994602437
0.269366958107831,-0.907437565464993,0.322487994602437
-0.202211409966355,-0.924722682222468,-0.322487994602438
-0.202211409966364,-0.924722682222466,-0.32248799460244
0.202211409966352,0.924722682222469,0.322487994602438
0.20221140996635,0.92472268222247,0.322487994602437
0.20221140996635,0.92472268222247,0.322487994602437
-0.202211409966352,-0.92472268222247,-0.322487994602437
-0.202211409966353,-0.924722682222469,-0.322487994602438
-0.202211409966349,-0.924722682222471,-0.322487994602436
0.202211409966348,0.924722682222471,0.322487994602436
0.202211409966351,0.92472268222247,0.322487994602437
-0.202211409966351,-0.92472268222247,-0.322487994602437
-0.202211409966351,-0.92472268222247,-0.322487994602437
-0.202211409966351,-0.92472268222247,-0.322487994602437
0.621455860928334,-0.783449176984585,-3.61378362029505E-15
-0.621455860928343,0.783449176984578,-1.46620365039497E-15
0.62145586092834,-0.78344917698458,-1.08061969935814E-16
0.62145586092834,-0.78344917698458,-2.94475604288329E-16
-0.621455860928341,0.783449176984579,-4.0613832691796E-16
-0.621455860928341,0.783449176984579,-1.20188008192017E-16
-0.621455860928341,0.78344917698458,-7.05299196424372E-17
-0.621455860928338,0.783449176984582,1.28399216834214E-15
-0.62145586092834,0.78344917698458,4.71713803024765E-16
-0.62145586092834,0.78344917698458,2.88930659978003E-16
-0.62145586092834,0.78344917698458,2.08240208371857E-16
-0.62145586092834,0.78344917698458,1.62780152305072E-16
-0.62145586092834,0.78344917698458,1.84965403778297E-16
-0.62145586092834,0.78344917698458,1.42247272747342E-16
-0.62145586092834,0.78344917698458,1.15558748075992E-16
-0.62145586092834,0.78344917698458,9.73027446347978E-17
-0.62145586092834,0.78344917698458,8.4027980673798E-17
-0.62145586092834,0.78344917698458,3.32690716936544E-17
-0.62145586092834,0.78344917698458,2.90401490663881E-17
-0.62145586092834,0.78344917698458,2.57650794070619E-17
-0.62145586092834,0.78344917698458,2.31538506064023E-17
-0.62145586092834,0.78344917698458,2.10231998851377E-17
-0.62145586092834,0.78344917698458,-2.24057615585679E-17
-0.621455860928341,0.78344917698458,-2.06122383219521E-17
-0.62145586092834,0.78344917698458,-1.90845680332648E-17
-0.62145586092834,0.78344917698458,-1.77677185344896E-17
-0.62145586092834,0.78344917698458,-1.66208663018064E-17
-0.62145586092834,0.78344917698458,3.33669561316325E-17
-0.62145586092834,0.78344917698458,3.15809180241537E-17
-0.62145586092834,0.78344917698458,2.99763684180337E-17
-0.62145586092834,0.78344917698458,2.85269818770954E-17
-0.62145586092834,0.78344917698458,2.72112895845719E-17
-0.621455860928341,0.78344917698458,1.3160936499251E-17
-0.621455860928341,0.78344917698458,1.26777052935932E-17
-0.62145586092834,0.78344917698458,1.22287029838523E-17
-0.62145586092834,0.78344917698458,1.18104171462451E-17
-0.621455860928341,0.78344917698458,1.14198000358603E-17
0.269366958107831,-0.907437565464993,0.322487994602437
0.269366958107831,-0.907437565464993,0.322487994602437
0.269366958107831,-0.907437565464993,0.322487994602437
0.336485528659441,-0.895042987275064,0.292703843385265
0.39351089366039,-0.880178136569271,0.265397107135791
0.269366958107831,-0.907437565464993,0.322487994602437
0.269366958107831,-0.907437565464993,0.322487994602437
0.269366958107831,-0.907437565464993,0.322487994602437
0.269366958107831,-0.907437565464993,0.322487994602437
0.269366958107831,-0.907437565464993,0.322487994602437
0.269366958107831,-0.907437565464993,0.322487994602437
0.269366958107831,-0.907437565464993,0.322487994602437
0.269366958107831,-0.907437565464993,0.322487994602437
0.269366958107831,-0.907437565464993,0.322487994602437
0.269366958107831,-0.907437565464993,0.322487994602437
0.269366958107831,-0.907437565464993,0.322487994602437
0.269366958107831,-0.907437565464993,0.322487994602437
0.269366958107831,-0.907437565464993,0.322487994602437
0.269366958107831,-0.907437565464993,0.322487994602437
0.269366958107831,-0.907437565464993,0.322487994602437
0.269366958107831,-0.907437565464993,0.322487994602437
0.269366958107831,-0.907437565464993,0.322487994602437
0.269366958107831,-0.907437565464993,0.322487994602437
0.269366958107831,-0.907437565464993,0.322487994602437
0.269366958107831,-0.907437565464993,0.322487994602437
0.269366958107831,-0.907437565464993,0.322487994602437
0.269366958107831,-0.907437565464993,0.322487994602437
0.269366958107831,-0.907437565464993,0.322487994602437
0.269366958107831,-0.907437565464993,0.322487994602437
0.269366958107831,-0.907437565464993,0.322487994602437
0.26936695810783,-0.907437565464993,0.322487994602437
0.269366958107831,-0.907437565464993,0.322487994602437
0.269366958107831,-0.907437565464993,0.322487994602437
0.269366958107831,-0.907437565464993,0.322487994602437
0.269366958107831,-0.907437565464993,0.322487994602437
0.202211409966349,0.92472268222247,0.322487994602437
0.202211409966351,0.92472268222247,0.322487994602437
0.20221140996635,0.92472268222247,0.322487994602437
0.202211409966351,0.92472268222247,0.322487994602437
0.202211409966351,0.92472268222247,0.322487994602437
0.202211409966352,0.92472268222247,0.322487994602437
0.202211409966353,0.924722682222469,0.322487994602438
0.20221140996635,0.92472268222247,0.322487994602437
0.202211409966351,0.92472268222247,0.322487994602437
0.202211409966351,0.92472268222247,0.322487994602437
0.202211409966352,0.92472268222247,0.322487994602437
0.20221140996635,0.92472268222247,0.322487994602437
0.202211409966351,0.92472268222247,0.322487994602437
0.0224105000035939,0.962370816597308,0.27081392292757
-0.204017239327502,0.959932321387801,0.192111697749544
-0.621455860928341,0.783449176984579,-3.81043038101554E-15
-0.621455860928341,0.78344917698458,-1.53560372382994E-16
-0.621455860928341,0.78344917698458,-7.83591228041914E-17
-0.621455860928341,0.78344917698458,-5.25999771037901E-17
-0.62145586092834,0.78344917698458,-3.95865982461256E-17
-0.621455860928341,0.783449176984579,-3.9052153574775E-16
-0.621455860928341,0.783449176984579,-2.69405228827306E-16
-0.621455860928341,0.783449176984579,-2.05630887565803E-16
-0.621455860928341,0.783449176984579,-1.66270807972593E-16
-0.621455860928341,0.783449176984579,-1.39557854790196E-16
-0.621455860928341,0.78344917698458,-7.66898300392075E-17
-0.62145586092834,0.783449176984579,-6.38132771845395E-17
-0.621455860928341,0.78344917698458,-5.46391315961227E-17
-0.621455860928341,0.78344917698458,-4.77712723260838E-17
-0.62145586092834,0.783449176984579,-4.24371408580014E-17
-0.62145586092834,0.78344917698458,0
-0.62145586092834,0.78344917698458,0
-0.62145586092834,0.78344917698458,0
-0.62145586092834,0.78344917698458,0
-0.62145586092834,0.78344917698458,0
-0.621455860928341,0.78344917698458,3.64732908102035E-17
-0.621455860928341,0.78344917698458,3.38353869260293E-17
-0.62145586092834,0.783449176984579,3.15533165548181E-17
-0.621455860928341,0.78344917698458,2.95596300051091E-17
-0.62145586092834,0.783449176984579,2.78029116308348E-17
-0.621455860928341,0.78344917698458,0
-0.621455860928341,0.78344917698458,0
-0.621455860928341,0.78344917698458,0
-0.62145586092834,0.78344917698458,0
-0.62145586092834,0.78344917698458,0
0.47535110906691,-0.851155271301019,0.222656747585486
0.542710400571601,-0.819538127650476,0.183909429988146
0.587627406237868,-0.793952391909903,0.155992406285368
0.619339771515103,-0.773405789864859,0.135135974570556
0.642765691231102,-0.756755891885243,0.119049511856092
0.269366958107831,-0.907437565464993,0.322487994602437
0.269366958107831,-0.907437565464993,0.322487994602437
0.350409843074982,-0.891793573189847,0.286211748000411
0.427677262316975,-0.86922033625104,0.248089029069581
0.484194518833363,-0.847427841391472,0.21776529008618
0.269366958107831,-0.907437565464993,0.322487994602437
0.269366958107831,-0.907437565464993,0.322487994602437
0.269366958107831,-0.907437565464993,0.322487994602437
0.269366958107831,-0.907437565464993,0.322487994602437
0.269366958107831,-0.907437565464993,0.322487994602437
0.269366958107831,-0.907437565464993,0.322487994602437
0.269366958107831,-0.907437565464993,0.322487994602437
0.269366958107831,-0.907437565464993,0.322487994602437
0.269366958107831,-0.907437565464993,0.322487994602437
0.269366958107831,-0.907437565464993,0.322487994602437
0.269366958107831,-0.907437565464993,0.322487994602437
0.269366958107831,-0.907437565464993,0.322487994602437
0.269366958107831,-0.907437565464993,0.322487994602437
0.269366958107831,-0.907437565464993,0.322487994602437
0.269366958107831,-0.907437565464993,0.322487994602437
0.269366958107831,-0.907437565464993,0.322487994602437
0.269366958107831,-0.907437565464993,0.322487994602437
0.269366958107831,-0.907437565464993,0.322487994602437
0.269366958107831,-0.907437565464993,0.322487994602437
0.269366958107831,-0.907437565464993,0.322487994602437
0.269366958107831,-0.907437565464993,0.322487994602437
0.269366958107831,-0.907437565464993,0.322487994602437
0.269366958107831,-0.907437565464993,0.322487994602437
0.269366958107831,-0.907437565464993,0.322487994602437
0.269366958107831,-0.907437565464993,0.322487994602437
0.269366958107831,-0.907437565464993,0.322487994602437
0.269366958107831,-0.907437565464993,0.322487994602437
0.269366958107831,-0.907437565464993,0.322487994602437
0.269366958107831,-0.907437565464993,0.322487994602437
0.269366958107831,-0.907437565464993,0.322487994602437
0.202211409966351,0.92472268222247,0.322487994602437
0.202211409966351,0.92472268222247,0.322487994602437
0.202211409966351,0.92472268222247,0.322487994602437
0.202211409966351,0.92472268222247,0.322487994602437
0.202211409966351,0.92472268222247,0.322487994602437
0.202211409966351,0.92472268222247,0.322487994602437
0.202211409966351,0.92472268222247,0.322487994602437
0.202211409966351,0.92472268222247,0.322487994602437
0.202211409966351,0.92472268222247,0.322487994602437
0.202211409966351,0.92472268222247,0.322487994602437
0.202211409966351,0.92472268222247,0.322487994602437
0.202211409966351,0.92472268222247,0.322487994602437
0.181436852634225,0.930902977544579,0.317017846350681
0.0103015438464916,0.963644536695846,0.266988923160918
-0.111895070980172,0.967684183052501,0.22597967820217
-0.189012093937702,0.961845709159827,0.197806117489106
-0.347047217760061,0.928204446375761,0.13414445338242
-0.42320091760954,0.90046528855406,0.100315738763646
-0.466966192282322,0.880665311644692,0.0798196976385332
-0.495141330536606,0.866288281585245,0.0661791204423448
-0.62145586092834,0.78344917698458,9.19254255652936E-17
-0.62145586092834,0.78344917698458,7.16734022954665E-17
-0.62145586092834,0.78344917698458,5.8733801456006E-17
-0.62145586092834,0.78344917698458,4.97518256548052E-17
-0.62145586092834,0.78344917698458,4.31526295413255E-17
-0.62145586092834,0.78344917698458,0
-0.62145586092834,0.78344917698458,0
-0.62145586092834,0.78344917698458,0
-0.62145586092834,0.78344917698458,0
-0.62145586092834,0.78344917698458,0
-0.621455860928341,0.783449176984579,-4.04970513930721E-17
-0.62145586092834,0.783449176984579,-3.66658946063046E-17
-0.621455860928341,0.78344917698458,-3.34969690681022E-17
-0.62145586092834,0.783449176984579,-3.08322300195208E-17
-0.621455860928341,0.78344917698458,-2.85602176736782E-17
-0.62145586092834,0.78344917698458,3.11026595061177E-17
-0.62145586092834,0.78344917698458,2.89981882475776E-17
-0.62145586092834,0.78344917698458,2.71604548357613E-17
-0.62145586092834,0.78344917698458,2.55417688148556E-17
-0.62145586092834,0.78344917698458,2.41051691492949E-17
0.789929936221972,-0.613197110120679,-1.83112342006465E-16
0.789929936221972,-0.613197110120679,-1.5491036587813E-16
0.789929936221972,-0.613197110120679,-1.34236052471029E-16
0.789929936221972,-0.613197110120679,-1.18430355580984E-16
0.789929936221972,-0.613197110120679,-1.05954665908847E-16
0.718980782312627,-0.692263898766998,0.0619461792932963
0.73836355463012,-0.672830644111831,0.0460237497171991
0.749464894412955,-0.661031871970031,0.0365955773608526
0.756645641286065,-0.653119577516915,0.0303675976482418
0.761667149398333,-0.647448698443401,0.0259487265846299
0.269366958107831,-0.907437565464993,0.322487994602437
0.388175590049225,-0.881746810290015,0.268034090804362
0.504611782057802,-0.838347577256256,0.206252973595571
0.571856516270845,-0.80338276290026,0.166000786363552
0.614595196281937,-0.776620829729561,0.138321478944288
0.269366958107831,-0.907437565464993,0.322487994602437
0.269366958107831,-0.907437565464993,0.322487994602437
0.269366958107831,-0.907437565464993,0.322487994602437
0.269366958107831,-0.907437565464993,0.322487994602437
0.361264044648399,-0.889092765164597,0.281073557945691
0.269366958107831,-0.907437565464993,0.322487994602437
0.269366958107831,-0.907437565464993,0.322487994602437
0.269366958107831,-0.907437565464993,0.322487994602437
0.269366958107831,-0.907437565464993,0.322487994602437
0.269366958107831,-0.907437565464993,0.322487994602437
0.26936695810783,-0.907437565464993,0.322487994602437
0.26936695810783,-0.907437565464993,0.322487994602437
0.269366958107831,-0.907437565464993,0.322487994602437
0.269366958107831,-0.907437565464993,0.322487994602437
0.269366958107831,-0.907437565464993,0.322487994602437
0.269366958107831,-0.907437565464993,0.322487994602437
0.269366958107831,-0.907437565464993,0.322487994602437
0.269366958107831,-0.907437565464993,0.322487994602437
0.26936695810783,-0.907437565464993,0.322487994602437
0.269366958107831,-0.907437565464993,0.322487994602437
0.269366958107832,-0.907437565464993,0.322487994602436
0.269366958107831,-0.907437565464993,0.322487994602437
0.26936695810783,-0.907437565464993,0.322487994602437
0.269366958107832,-0.907437565464992,0.322487994602437
0.269366958107831,-0.907437565464993,0.322487994602437
0.269366958107833,-0.907437565464992,0.322487994602436
0.26936695810783,-0.907437565464993,0.322487994602437
0.269366958107831,-0.907437565464993,0.322487994602437
0.269366958107831,-0.907437565464993,0.322487994602437
0.269366958107831,-0.907437565464993,0.322487994602437
0.202211409966351,0.92472268222247,0.322487994602437
0.202211409966351,0.92472268222247,0.322487994602437
0.202211409966351,0.92472268222247,0.322487994602437
0.202211409966351,0.92472268222247,0.322487994602437
0.202211409966351,0.92472268222247,0.322487994602437
0.202211409966351,0.92472268222247,0.322487994602437
0.202211409966351,0.92472268222247,0.322487994602437
0.202211409966351,0.92472268222247,0.322487994602437
0.202211409966351,0.92472268222247,0.322487994602437
0.202211409966351,0.92472268222247,0.322487994602437
0.202211409966351,0.92472268222247,0.322487994602437
0.202211409966351,0.92472268222247,0.322487994602437
0.111009403369531,0.948249828236459,0.297488110036464
0.00668769120768004,0.963994229277836,0.265839050376994
-0.0768933023484115,0.968173259838969,0.238176319114097
-0.0854171135639388,0.968176753501337,0.235239645234421
-0.192987825406474,0.961363804773568,0.196304187719392
-0.267853973161901,0.948860912538754,0.167084462824963
-0.321949743975173,0.935615070948205,0.144819892863193
-0.362444898406282,0.923245364390483,0.127482127181594
-0.538077631441649,0.841711171073229,0.0446628148763517
-0.552686915508647,0.832561582247483,0.0371266102829904
-0.562956539591374,0.825876056096987,0.0317596362855844
-0.570565364857146,0.820783389445544,0.0277451263416794
-0.576426827021967,0.816777497212308,0.0246299236090125
-0.621455860928341,0.78344917698458,-4.58773090237937E-17
-0.62145586092834,0.78344917698458,-4.02900460156821E-17
-0.621455860928341,0.78344917698458,-3.59159479748205E-17
-0.62145586092834,0.783449176984579,-3.23985878867494E-17
-0.621455860928341,0.78344917698458,-2.95087086059909E-17
-0.62145586092834,0.78344917698458,3.45134664836345E-17
-0.62145586092834,0.78344917698458,3.1495932223719E-17
-0.62145586092834,0.78344917698458,2.89636241943526E-17
-0.62145586092834,0.78344917698458,2.68082139362433E-17
-0.62145586092834,0.78344917698458,2.49513857814996E-17
0.789929936221971,-0.613197110120679,0
0.789929936221972,-0.613197110120679,0
0.789929936221971,-0.613197110120679,0
0.789929936221971,-0.613197110120679,0
0.789929936221972,-0.613197110120679,0
0.789929936221972,-0.613197110120679,-5.67889911502838E-17
0.789929936221972,-0.613197110120679,-4.95146991022947E-17
0.789929936221972,-0.613197110120679,-4.38923774859697E-17
0.789929936221972,-0.613197110120679,-3.94166720612853E-17
0.789929936221971,-0.613197110120679,-3.57692789385606E-17
0.789929936221972,-0.613197110120679,-2.20937030314109E-16
0.789929936221972,-0.613197110120679,-1.67413327226987E-16
0.789929936221972,-0.613197110120679,-1.34765373881235E-16
0.789929936221972,-0.613197110120679,-1.12773044198542E-16
0.789929936221972,-0.613197110120679,-9.69515444511704E-17
0.786862560041807,-0.6171214086576,0.00291180028710782
0.788977306680444,-0.614421668655807,0.000906989243091725
0.789366062561731,-0.613922577157458,0.000537151873013447
0.7895294826943,-0.613712514427962,0.000381563861155267
0.789619463096413,-0.613596786141373,0.000295865358484901
0.269366958107833,-0.907437565464992,0.322487994602438
0.26936695810783,-0.907437565464993,0.322487994602438
0.26936695810783,-0.907437565464993,0.322487994602437
0.418041464582811,-0.872473140077289,0.253045359042867
0.541815106213269,-0.820009349699679,0.184447979344348
-0.269366958107834,0.907437565464992,-0.322487994602435
0.269366958107831,-0.907437565464993,0.322487994602437
0.26936695810783,-0.907437565464993,0.322487994602437
0.269366958107831,-0.907437565464993,0.322487994602437
0.26936695810783,-0.907437565464993,0.322487994602437
-0.269366958107835,0.907437565464992,-0.322487994602435
0.269366958107831,-0.907437565464992,0.322487994602437
0.269366958107831,-0.907437565464993,0.322487994602437
0.269366958107831,-0.907437565464993,0.322487994602437
0.269366958107831,-0.907437565464993,0.322487994602437
-0.269366958107832,0.907437565464993,-0.322487994602436
0.269366958107826,-0.907437565464994,0.322487994602438
0.269366958107831,-0.907437565464993,0.322487994602437
0.269366958107831,-0.907437565464993,0.322487994602437
0.269366958107831,-0.907437565464993,0.322487994602437
-0.26936695810783,0.907437565464993,-0.322487994602437
-0.269366958107826,0.907437565464993,-0.322487994602439
0.269366958107834,-0.907437565464992,0.322487994602436
0.269366958107832,-0.907437565464992,0.322487994602436
0.269366958107831,-0.907437565464993,0.322487994602437
-0.269366958107829,0.907437565464993,-0.322487994602437
-0.269366958107825,0.907437565464993,-0.322487994602439
0.269366958107831,-0.907437565464993,0.322487994602437
0.269366958107832,-0.907437565464993,0.322487994602437
0.269366958107831,-0.907437565464993,0.322487994602437
0.202211409966351,0.92472268222247,0.322487994602437
0.202211409966351,0.92472268222247,0.322487994602437
0.202211409966351,0.92472268222247,0.322487994602437
0.202211409966351,0.92472268222247,0.322487994602437
0.202211409966351,0.92472268222247,0.322487994602437
0.202211409966351,0.92472268222247,0.322487994602437
0.202211409966351,0.92472268222247,0.322487994602437
0.202211409966351,0.92472268222247,0.322487994602437
0.202211409966351,0.92472268222247,0.322487994602437
0.166436068142494,0.935061259250059,0.312984786644593
0.202211409966351,0.92472268222247,0.322487994602437
0.167611516407523,0.934744570583652,0.313303315226563
0.0798255676813186,0.954187587560531,0.288364225398661
0.00495086063565163,0.964157314842282,0.265285056524272
-0.0585395255273322,0.967899102995155,0.244426779163432
-0.0550497097426338,0.967805867858392,0.245604013802943
-0.132644522314901,0.966762471770563,0.218576654462281
-0.193911172362271,0.961249304940253,0.195954665637159
-0.242918389659824,0.953758662402299,0.177017145660119
-0.282690592525795,0.945589888148363,0.161076976408738
-0.378278215755196,0.917810333501474,0.120539550368249
-0.410855928454224,0.905522718524087,0.10595287768987
-0.435965867159375,0.894996296431776,0.0944213537573941
-0.45585775907533,0.885975030316194,0.0850996424612756
-0.471976242846009,0.878205265751065,0.0774205230934696
-0.608795171043782,0.793296075136796,0.00705527365361325
-0.610200885812774,0.792221860594473,0.00627714501489125
-0.611325679954843,0.791358926108214,0.00565359147837116
-0.612246104771568,0.790650529398696,0.00514271850337513
-0.613013216140392,0.790058574611011,0.00471651575104387
0.789929936221971,-0.613197110120679,2.60926198823464E-17
0.789929936221971,-0.613197110120679,2.5061393583288E-17
0.789929936221971,-0.613197110120679,2.41085800338639E-17
0.789929936221972,-0.613197110120679,2.32255632424448E-17
0.789929936221971,-0.613197110120679,2.24049449171484E-17
0.789929936221972,-0.613197110120679,-1.80939041342787E-17
0.789929936221972,-0.613197110120679,-1.69389519807022E-17
0.789929936221972,-0.613197110120679,-1.59225965787563E-17
0.789929936221972,-0.613197110120679,-1.50213022315783E-17
0.789929936221972,-0.613197110120679,-1.42165766869242E-17
0.789929936221972,-0.613197110120679,-5.59019497012552E-17
0.789929936221972,-0.613197110120679,-4.98013836581355E-17
0.789929936221972,-0.613197110120679,-4.49013142593748E-17
0.789929936221972,-0.613197110120679,-4.08791257493611E-17
0.789929936221972,-0.613197110120679,-3.75182962792487E-17
0.789929936221971,-0.613197110120679,5.50081864948179E-17
0.789929936221971,-0.613197110120679,4.31480591111433E-17
0.789929936221971,-0.613197110120679,3.54950849633822E-17
0.789929936221971,-0.613197110120679,3.01478912121658E-17
0.789929936221971,-0.613197110120679,2.62008387808228E-17
0.789929936221972,-0.613197110120678,-4.04238581523935E-16
0.789929936221972,-0.613197110120679,-1.23685995416035E-16
0.789929936221972,-0.613197110120679,-7.30129909739648E-17
0.789929936221972,-0.613197110120679,-5.17936239268754E-17
0.789929936221972,-0.613197110120679,-4.01306671688822E-17
-0.269366958107831,0.907437565464993,-0.322487994602437
-0.789929936221971,0.613197110120679,-2.9333859856676E-16
0.789929936221973,-0.613197110120677,-1.34896891803273E-15
0.789929936221972,-0.613197110120679,-2.04430266888869E-16
0.789929936221972,-0.613197110120679,-1.10595243161538E-16
-0.26936695810783,0.907437565464993,-0.322487994602437
-0.269366958107831,0.907437565464993,-0.322487994602437
-0.269366958107831,0.907437565464993,-0.322487994602437
0.269366958107833,-0.907437565464992,0.322487994602436
0.26936695810783,-0.907437565464993,0.322487994602437
-0.26936695810783,0.907437565464993,-0.322487994602437
-0.269366958107831,0.907437565464993,-0.322487994602437
-0.269366958107831,0.907437565464993,-0.322487994602437
0.269366958107821,-0.907437565464994,0.322487994602441
0.26936695810783,-0.907437565464993,0.322487994602437
-0.269366958107831,0.907437565464993,-0.322487994602437
-0.26936695810783,0.907437565464993,-0.322487994602437
-0.269366958107829,0.907437565464993,-0.322487994602437
-0.269366958107835,0.907437565464992,-0.322487994602435
0.269366958107832,-0.907437565464992,0.322487994602436
-0.26936695810783,0.907437565464993,-0.322487994602437
-0.269366958107831,0.907437565464993,-0.322487994602437
-0.269366958107831,0.907437565464993,-0.322487994602437
-0.26936695810783,0.907437565464993,-0.322487994602437
0.269366958107833,-0.907437565464992,0.322487994602436
-0.269366958107831,0.907437565464993,-0.322487994602437
-0.269366958107831,0.907437565464993,-0.322487994602437
-0.26936695810783,0.907437565464993,-0.322487994602437
-0.269366958107829,0.907437565464993,-0.322487994602438
0.269366958107803,-0.907437565464997,0.322487994602448
0.202211409966351,0.92472268222247,0.322487994602437
0.202211409966351,0.92472268222247,0.322487994602437
0.202211409966351,0.92472268222247,0.322487994602437
0.202211409966351,0.92472268222247,0.322487994602437
0.202211409966351,0.92472268222247,0.322487994602437
0.202211409966351,0.92472268222247,0.322487994602437
0.202211409966351,0.92472268222247,0.322487994602437
0.202211409966351,0.92472268222247,0.322487994602437
0.194952232592694,0.926938223437752,0.320591885326481
0.135505797093862,0.9428400746735,0.304451593104102
0.202211409966351,0.92472268222247,0.322487994602437
0.128632738880846,0.944424518748611,0.302516027467085
0.0622895636740475,0.957063486413332,0.283106858326771
0.00393016675166809,0.964251648763007,0.264959075419446
-0.0472503506728717,0.967550111243494,0.248222050982569
-0.0405968776522365,0.967280229968968,0.25044131096141
-0.10088116745114,0.967981826080579,0.229856856394153
-0.151527081697752,0.965510892118674,0.211726854018014
-0.19432225859448,0.961198014913737,0.195798968180711
-0.230741142429458,0.95588147194123,0.181794215501528
-0.287242492598003,0.944532180315442,0.159219065424473
-0.322404994498551,0.935487942764548,0.144628242278416
-0.351254218822265,0.926881065427866,0.132332778671287
-0.375274264320146,0.918867999146204,0.12186396794797
-0.395537712612243,0.911488802221402,0.11286310879321
0.837638971235647,-0.546146719217677,-0.00920407274280799
0.836638780035563,-0.547681071879977,-0.00899973582972197
0.835679378195565,-0.549147031402468,-0.00880424673274941
0.834758338764272,-0.550549055402453,-0.00861704467785371
0.833873422035077,-0.551891223588388,-0.0084376151619712
0.789929936221971,-0.613197110120679,1.31086980856969E-17
0.789929936221972,-0.613197110120679,1.27149027266554E-17
0.789929936221972,-0.613197110120679,1.23440771672938E-17
0.789929936221972,-0.613197110120679,1.19942686415233E-17
0.789929936221972,-0.613197110120679,1.16637396346741E-17
0.789929936221972,-0.613197110120679,-3.67525421565558E-17
0.789929936221972,-0.613197110120679,-3.48462721367562E-17
0.789929936221972,-0.613197110120679,-3.31279988599404E-17
0.789929936221972,-0.613197110120679,-3.15712188012365E-17
0.789929936221972,-0.613197110120679,-3.01541867372863E-17
0.789929936221971,-0.613197110120679,2.90332463608291E-17
0.789929936221971,-0.613197110120679,2.62919066574519E-17
0.789929936221971,-0.613197110120679,2.40235829269108E-17
0.789929936221971,-0.613197110120679,2.21155708939041E-17
0.789929936221971,-0.613197110120679,2.04883368017626E-17
0.789929936221972,-0.613197110120679,-9.16812749633848E-17
0.789929936221972,-0.613197110120679,-7.29338671602479E-17
0.789929936221972,-0.613197110120679,-6.05519305468782E-17
0.789929936221972,-0.613197110120679,-5.1763990532411E-17
0.789929936221972,-0.613197110120679,-4.52035680795622E-17
0.789929936221984,-0.613197110120663,-8.75781593303536E-15
0.789929936221972,-0.613197110120678,-3.00533415374366E-16
0.789929936221972,-0.613197110120679,-1.52889996017926E-16
0.789929936221972,-0.613197110120679,-1.02523265637857E-16
0.789929936221972,-0.613197110120679,-7.71181448845343E-17
-0.789929936221971,0.61319711012068,-2.30072396821204E-16
-0.789929936221971,0.61319711012068,-3.73914073187028E-16
-0.78992993622197,0.613197110120681,-9.97641056099421E-16
0.789929936221973,-0.613197110120676,-1.49324561038435E-15
0.789929936221972,-0.613197110120678,-4.27034911637898E-16
-0.269366958107831,0.907437565464993,-0.322487994602437
-0.269366958107831,0.907437565464993,-0.322487994602437
-0.269366958107831,0.907437565464993,-0.322487994602437
-0.789929936221971,0.613197110120679,-9.68945835921589E-17
-0.789929936221971,0.613197110120679,-3.47675699077798E-16
-0.269366958107831,0.907437565464993,-0.322487994602437
-0.269366958107831,0.907437565464993,-0.322487994602437
-0.269366958107831,0.907437565464993,-0.322487994602437
-0.26936695810783,0.907437565464993,-0.322487994602437
-0.26936695810783,0.907437565464993,-0.322487994602437
-0.269366958107831,0.907437565464993,-0.322487994602437
-0.269366958107831,0.907437565464993,-0.322487994602437
-0.269366958107831,0.907437565464993,-0.322487994602437
-0.269366958107831,0.907437565464993,-0.322487994602437
-0.269366958107831,0.907437565464992,-0.322487994602437
-0.269366958107831,0.907437565464993,-0.322487994602437
-0.26936695810783,0.907437565464993,-0.322487994602437
-0.26936695810783,0.907437565464993,-0.322487994602437
-0.26936695810783,0.907437565464993,-0.322487994602437
-0.26936695810783,0.907437565464993,-0.322487994602437
-0.269366958107831,0.907437565464993,-0.322487994602437
-0.26936695810783,0.907437565464993,-0.322487994602437
-0.269366958107831,0.907437565464993,-0.322487994602437
-0.26936695810783,0.907437565464993,-0.322487994602437
-0.26936695810783,0.907437565464993,-0.322487994602437
0.202211409966351,0.92472268222247,0.322487994602437
0.202211409966351,0.92472268222247,0.322487994602437
0.202211409966351,0.92472268222247,0.322487994602437
0.202211409966351,0.92472268222247,0.322487994602437
0.202211409966351,0.92472268222247,0.322487994602437
0.202211409966351,0.92472268222247,0.322487994602437
0.202211409966351,0.92472268222247,0.322487994602437
0.202211409966351,0.92472268222247,0.322487994602437
0.16318696365391,0.935928565255127,0.312102123723784
0.114197956541375,0.947582957940377,0.298404699263836
0.163261963103074,0.93590867859149,0.312122534817436
0.104271680097013,0.949622436350662,0.295541274797919
0.0510612578039948,0.958730726183838,0.279692943462086
0.0032583970412697,0.96431312566599,0.264744364466952
-0.0396082178114771,0.967236068527879,0.250769967939807
-0.0321514272522669,0.966869179374068,0.253239561881942
-0.081345277059196,0.968184901579593,0.236645182189447
-0.124212993125335,0.967194067836329,0.221600468142692
-0.161679747218085,0.964674058169832,0.207999088540417
-0.194554805153718,0.961168915276483,0.195710868624683
0.949212824533484,-0.312387946283414,-0.0375337815573723
0.947079423131381,-0.318881419438892,-0.0368131310508585
0.944984255988132,-0.325115740099697,-0.036118021457191
0.942927767014847,-0.331105302689213,-0.0354472103765295
0.940910179437903,-0.336863514067246,-0.0347995275887548
0.925140084512672,-0.378435423093747,-0.0300408817404307
0.92264251435699,-0.384539413971162,-0.0293296744565436
0.920222742274788,-0.39034506692276,-0.0286501889930015
0.917878272546146,-0.395873026096635,-0.028000428510937
0.915606576514818,-0.401142134245756,-0.0273785532045678
0.879635559205225,-0.475294096409378,-0.0183522450971091
0.877244597187291,-0.479713635943719,-0.0177973086551079
0.874973556347616,-0.483862445136719,-0.0172745442405805
0.872814020369331,-0.487764364174708,-0.0167812659822658
0.870758295547046,-0.491440544778717,-0.016315075347662
0.789929936221971,-0.613197110120679,9.67561773091083E-18
0.789929936221971,-0.613197110120679,9.28300341645651E-18
0.789929936221972,-0.613197110120679,8.92100937360894E-18
0.789929936221972,-0.613197110120679,8.58618790133176E-18
0.789929936221971,-0.613197110120679,8.27559016869816E-18
0.789929936221972,-0.613197110120679,1.60168487342512E-17
0.789929936221971,-0.613197110120679,1.46985244594584E-17
0.789929936221971,-0.613197110120679,1.35807149291797E-17
0.789929936221971,-0.613197110120679,1.26209063802653E-17
0.789929936221972,-0.613197110120679,1.17878102501929E-17
0.789929936221972,-0.613197110120678,-1.58097064888675E-16
0.789929936221972,-0.613197110120678,-1.24496945533789E-16
0.789929936221972,-0.613197110120679,-1.0267548662316E-16
0.789929936221972,-0.613197110120679,-8.736279290576E-17
0.789929936221972,-0.613197110120679,-7.60247106825977E-17
-0.789929936221971,0.61319711012068,-1.86394449297478E-16
0.789929936222333,-0.613197110120213,-1.57172001819324E-13
0.789929936221972,-0.613197110120678,-1.85953395162072E-16
0.789929936221972,-0.613197110120679,-9.30317314487749E-17
0.789929936221972,-0.613197110120679,-6.20333937013603E-17
-0.789929936221971,0.613197110120679,-5.98231892018945E-17
-0.789929936221971,0.613197110120679,-7.94344662759814E-17
-0.789929936221971,0.613197110120679,-1.18174512320527E-16
-0.789929936221971,0.61319711012068,-2.30673622089204E-16
-0.789929936221962,0.613197110120691,-4.80313819972345E-15
-0.789929936221971,0.613197110120679,-3.15510971567884E-17
-0.789929936221971,0.613197110120679,-3.78250329208014E-17
-0.789929936221972,0.613197110120679,-4.72134220333787E-17
-0.789929936221971,0.613197110120679,-6.28009850515395E-17
-0.789929936221971,0.613197110120679,-9.37539565304297E-17
-0.269366958107831,0.907437565464993,-0.322487994602437
-0.269366958107831,0.907437565464993,-0.322487994602437
-0.269366958107831,0.907437565464993,-0.322487994602437
-0.269366958107831,0.907437565464993,-0.322487994602437
-0.789929936221971,0.613197110120679,-7.81017253700519E-17
-0.269366958107831,0.907437565464993,-0.322487994602437
-0.269366958107831,0.907437565464993,-0.322487994602437
-0.269366958107831,0.907437565464993,-0.322487994602437
-0.269366958107831,0.907437565464993,-0.322487994602437
-0.269366958107831,0.907437565464993,-0.322487994602437
-0.269366958107831,0.907437565464993,-0.322487994602437
-0.26936695810783,0.907437565464993,-0.322487994602437
-0.269366958107831,0.907437565464993,-0.322487994602437
-0.26936695810783,0.907437565464993,-0.322487994602437
-0.269366958107831,0.907437565464993,-0.322487994602437
-0.269366958107831,0.907437565464993,-0.322487994602437
-0.269366958107831,0.907437565464993,-0.322487994602437
-0.269366958107831,0.907437565464993,-0.322487994602437
-0.269366958107831,0.907437565464993,-0.322487994602437
-0.26936695810783,0.907437565464993,-0.322487994602437
0.202211409966351,0.92472268222247,0.322487994602437
0.202211409966351,0.92472268222247,0.322487994602437
0.202211409966351,0.92472268222247,0.322487994602437
0.202211409966351,0.92472268222247,0.322487994602437
0.202211409966351,0.92472268222247,0.322487994602437
0.202211409966351,0.92472268222247,0.322487994602437
0.202211409966351,0.92472268222247,0.322487994602437
0.184886362760706,0.92991079663136,0.317935438687708
0.140222118849585,0.941722637517318,0.30577153460183
0.0986488893735911,0.950729995833328,0.293906229345545
0.136163614467049,0.942685694177088,0.304636097810372
0.0876350034862371,0.952799779160999,0.290676258051323
0.0432591495831231,0.959809335987741,0.27729890827069
0.00278275024874839,0.964356362090468,0.264592258383898
-0.0340925845909782,0.966970434733176,0.252598246288131
0.992119444101185,-0.110908251203959,-0.0582955268544293
0.991091117435553,-0.120179236185764,-0.0574051228563478
0.990010694331434,-0.129160439044166,-0.0565367676411686
0.98888442301234,-0.137863096418101,-0.0556898964765121
0.987717995608019,-0.146298013428986,-0.054863944615839
0.989619483993899,-0.132252541334822,-0.0562364846885905
0.988203281331465,-0.142853167489214,-0.0552018777219039
0.986730434265025,-0.153054068304505,-0.0541987294186321
0.985210108609089,-0.16287429664004,-0.0532259841475967
0.983650459504454,-0.172331956316543,-0.052282600822738
0.985088822913528,-0.16363070156573,-0.0531507711698178
0.983036779659914,-0.175904898564075,-0.0519245269311883
0.980934129211036,-0.187598131995555,-0.0507461823269953
0.978794434053283,-0.198745953533339,-0.0496135245718134
0.976629286464994,-0.209381512238617,-0.0485244180959125
0.975636536473128,-0.214068524921499,-0.0480418082158882
0.972472515680742,-0.228317639954673,-0.0465645952532376
0.96930696165301,-0.241669170420764,-0.0451666487482777
0.966157911608265,-0.254198188500238,-0.0438425683548883
0.963039446829582,-0.265972448259204,-0.0425873293031877
0.950872125618668,-0.307230047751531,-0.0381037856390662
0.94577617583172,-0.322775416365092,-0.0363793323120245
0.940899042338394,-0.336894986455675,-0.0347959800512108
0.936243190594936,-0.349767436006287,-0.033338097939166
0.931805956789528,-0.361544137425133,-0.0319921175458544
0.852650348672994,-0.522336200678991,-0.0123400311206505
0.848088874568196,-0.52973192979575,-0.0113729234817502
0.84413928142418,-0.536020205553284,-0.0105457477346562
0.840687442267263,-0.541431426584928,-0.00983029604523697
0.837645651248637,-0.546136450744153,-0.00920543930654013
0.789929936221972,-0.613197110120679,-3.54741059782108E-17
0.789929936221972,-0.613197110120679,-2.58525238227308E-17
0.789929936221972,-0.613197110120679,-2.0336648753933E-17
0.789929936221972,-0.613197110120679,-1.67606162559845E-17
0.789929936221972,-0.613197110120679,-1.42541424822696E-17
-0.789929936221972,0.613197110120679,7.10844343489122E-17
-0.789929936221972,0.613197110120678,1.04559578315972E-16
-0.789929936221972,0.613197110120678,1.9762559742255E-16
-0.789929936221977,0.613197110120672,1.79784597220792E-15
0.789929936221971,-0.61319711012068,2.53316488885946E-16
-0.789929936221971,0.613197110120679,-9.85131043175816E-18
-0.789929936221971,0.613197110120679,-1.16139222377141E-17
-0.789929936221972,0.613197110120679,-1.41447170412626E-17
-0.789929936221972,0.613197110120679,-1.80858019423772E-17
-0.789929936221971,0.613197110120679,-2.50713223904536E-17
-0.418719271538098,-0.901614279337228,0.108470562540329
-0.789929936221971,0.613197110120679,-5.83341794084577E-17
-0.789929936221971,0.613197110120679,-6.70702742356803E-17
-0.789929936221971,0.613197110120679,-7.88838811674371E-17
-0.789929936221971,0.613197110120679,-9.57488715990503E-17
-0.418719271538099,-0.901614279337227,0.108470562540329
-0.418719271538099,-0.901614279337228,0.108470562540329
-0.4187192715381,-0.901614279337227,0.108470562540329
-0.789929936221971,0.613197110120679,-2.85779958787428E-17
-0.789929936221972,0.613197110120679,-3.34315021030278E-17
-0.269366958107831,0.907437565464993,-0.322487994602437
-0.269366958107831,0.907437565464993,-0.322487994602437
-0.418719271538099,-0.901614279337227,0.108470562540329
-0.418719271538099,-0.901614279337227,0.108470562540329
-0.418719271538099,-0.901614279337227,0.108470562540329
-0.269366958107831,0.907437565464993,-0.322487994602437
-0.269366958107831,0.907437565464993,-0.322487994602437
-0.269366958107831,0.907437565464993,-0.322487994602437
-0.269366958107831,0.907437565464993,-0.322487994602437
-0.269366958107831,0.907437565464993,-0.322487994602437
-0.26936695810783,0.907437565464993,-0.322487994602437
-0.269366958107831,0.907437565464993,-0.322487994602437
-0.269366958107831,0.907437565464993,-0.322487994602437
-0.26936695810783,0.907437565464993,-0.322487994602437
-0.269366958107831,0.907437565464993,-0.322487994602437
0.202211409966351,0.92472268222247,0.322487994602437
0.202211409966351,0.92472268222247,0.322487994602437
0.202211409966351,0.92472268222247,0.322487994602437
0.202211409966351,0.92472268222247,0.322487994602437
0.197416214911705,0.92619296857128,0.321237331359629
0.202211409966351,0.92472268222247,0.322487994602437
0.202211409966351,0.92472268222247,0.322487994602437
0.161367864738013,0.93640898308443,0.311606528539885
0.122874688733124,0.945711859647481,0.300883514654494
0.0868108716318437,0.952949355611901,0.290433121742996
0.996398270031874,0.0442869875229282,-0.0723128634036402
0.996854866866621,0.0342655074545197,-0.0714580254640179
0.997203229043351,0.0244757999888889,-0.0706162530896293
0.997450403614582,0.0149126602580478,-0.0697875697609136
0.99760304364681,0.00557086862033973,-0.0689719706071709
0.996006507950356,0.0515078070528198,-0.0729244947404352
0.996616201804212,0.0397786645595517,-0.0719291606179688
0.997076502053898,0.0283616065965315,-0.0709511685825294
0.997398517343896,0.0172486724242378,-0.069990577221505
0.997592646683808,0.0064318605057243,-0.0690473928025495
0.995375070805018,0.0615366055638229,-0.0737679781178043
0.996235627945281,0.0474036793949348,-0.0725773021839108
0.99687708672899,0.0337132552582053,-0.0714107161049208
0.997318434540369,0.0204522929231976,-0.0702683701257618
0.997577244637822,0.00760763150262034,-0.0691503067508127
0.994252056629416,0.0764006206856903,-0.0750052867937785
0.995567959819771,0.0586388545687385,-0.0735249761316932
0.996532918583386,0.0415521054586731,-0.0720802657572155
0.997183367312964,0.0251169148692496,-0.0706715822790791
0.99755249014162,0.00930941221108642,-0.0692990927540694
0.991934877504691,0.100683640288407,-0.0769935280918377
0.99421601635135,0.076833264508874,-0.0750410707237194
0.995850999186768,0.0541336116981979,-0.073146014951085
0.996923409602646,0.0325364820927103,-0.0713098360625429
0.997507557645856,0.0119918637189855,-0.0695332125242711
0.985787640262614,0.147345178253705,-0.0806977493543035
0.990733522319891,0.111294919142853,-0.0778493977151288
0.994150853270103,0.0776097941804669,-0.0751052647261883
0.996301145023161,0.0461706293320821,-0.0724727632467422
0.99740786194891,0.0168456023027555,-0.0699555759433204
0.958225314502223,0.271554984971743,-0.089789402404246
0.975988612810448,0.200662369275491,-0.0847398443536682
0.98738775684907,0.136699683505946,-0.0798662266163579
0.993997380480948,0.0794106230159645,-0.0752539736441262
0.997078715782489,0.0282975076628287,-0.0709456523940376
0.41871927153811,0.901614279337222,-0.10847056254033
0.632798145715212,0.76629055321834,-0.111199347245027
0.84866122930148,0.518588998547993,-0.104113248270771
0.956677479252588,0.276841234158218,-0.0901506059916908
0.99320219602167,0.0881879440215612,-0.0759755509817569
-0.418719271538091,-0.901614279337231,0.108470562540329
-0.418719271538104,-0.901614279337225,0.10847056254033
-0.418719271538104,-0.901614279337225,0.10847056254033
-0.418719271538099,-0.901614279337227,0.108470562540329
-0.418719271538098,-0.901614279337228,0.108470562540329
-0.418719271538097,-0.901614279337229,0.108470562540329
-0.418719271538096,-0.901614279337229,0.108470562540329
-0.4187192715381,-0.901614279337227,0.108470562540329
-0.418719271538098,-0.901614279337228,0.108470562540329
-0.418719271538097,-0.901614279337228,0.108470562540329
-0.418719271538098,-0.901614279337228,0.108470562540329
-0.418719271538098,-0.901614279337228,0.108470562540329
-0.4187192715381,-0.901614279337227,0.108470562540329
-0.418719271538099,-0.901614279337228,0.108470562540329
-0.418719271538099,-0.901614279337227,0.108470562540329
-0.418719271538099,-0.901614279337227,0.108470562540329
-0.418719271538099,-0.901614279337228,0.108470562540329
-0.418719271538099,-0.901614279337228,0.108470562540329
-0.418719271538098,-0.901614279337228,0.108470562540329
-0.418719271538099,-0.901614279337227,0.108470562540329
-0.418719271538099,-0.901614279337228,0.108470562540329
-0.418719271538099,-0.901614279337227,0.108470562540329
-0.418719271538099,-0.901614279337227,0.108470562540329
-0.418719271538099,-0.901614279337227,0.108470562540329
-0.4187192715381,-0.901614279337227,0.108470562540329
-0.4187192715381,-0.901614279337227,0.108470562540329
-0.418719271538099,-0.901614279337227,0.108470562540329
-0.4187192715381,-0.901614279337227,0.108470562540329
-0.4187192715381,-0.901614279337227,0.108470562540329
-0.418719271538099,-0.901614279337227,0.108470562540329
-0.4187192715381,-0.901614279337227,0.108470562540329
-0.4187192715381,-0.901614279337227,0.108470562540329
-0.4187192715381,-0.901614279337227,0.108470562540329
-0.4187192715381,-0.901614279337227,0.108470562540329
-0.4187192715381,-0.901614279337227,0.108470562540329
0.202211409966351,0.92472268222247,0.322487994602437
0.202211409966351,0.92472268222247,0.322487994602437
0.202211409966351,0.92472268222247,0.322487994602437
0.202211409966351,0.92472268222247,0.322487994602437
0.177071841588698,0.932139167760753,0.315851444262454
0.983807047491766,0.159556688422064,-0.0816416345091036
0.985394480422135,0.149847254973689,-0.0808920152452768
0.986859562721035,0.140301212115977,-0.080148445679473
0.988207758355625,0.130917118300103,-0.0794111734061934
0.989444343926836,0.121693392002083,-0.0786804207806557
0.979902279901647,0.181256414108161,-0.0832924617729868
0.981979729695674,0.170055011990509,-0.082444547204279
0.983890768898869,0.159059237862263,-0.0816033928600347
0.985643461314603,0.148267557186093,-0.0807694165748176
0.987245581904294,0.137678171397261,-0.0799429930085135
0.97404388975665,0.20963164925314,-0.0853994874641729
0.976874941334195,0.196436824106129,-0.0844270284234314
0.979468964273371,0.18350665479163,-0.0834617018304521
0.98183845614913,0.170839962787718,-0.0825042613528769
0.983995457803707,0.158435030071781,-0.0815553815994142
0.96468822361362,0.248199666941612,-0.0881677750159936
0.968757932480345,0.232234604835952,-0.0870353754119391
0.972469244977357,0.216617601166253,-0.0859091522373915
0.975842690339745,0.201349448574724,-0.0847905847906671
0.978898079531093,0.186429721114074,-0.0836809953075716
0.948448631271057,0.303306448429293,-0.0919260147143709
0.954740334321287,0.283309746993323,-0.0905896311873255
0.960446068715306,0.263774713611753,-0.0892538489273739
0.965601748361104,0.244710038157585,-0.0879219016337358
0.970242328242832,0.226121293192519,-0.0865966815234331
0.916824438662225,0.387283835352115,-0.0971811686833028
0.927593331147832,0.361150173148597,-0.0956094370070599
0.937304028375391,0.335592244143864,-0.0940159776939533
0.946021544931773,0.310650674690469,-0.0924088461093345
0.953811264481012,0.286356915655525,-0.0907953115826298
0.844483135654791,0.525304331241404,-0.104420271852131
0.865682505944137,0.48993537762151,-0.102747869355755
0.884778268023081,0.454943517166372,-0.100964412653017
0.901860125424853,0.420510480315651,-0.0990921294219143
0.917036094631445,0.386789722259094,-0.0971520040855569
0.64270906374849,0.758004885892959,-0.111146985284986
0.690296911240735,0.71502099516786,-0.110612615919994
0.734458131730477,0.669739026581812,-0.109639814885945
0.774835248230692,0.622823809003351,-0.108262833132331
0.811221390016059,0.574953700280883,-0.106527456149736
0.418719271538103,0.901614279337226,-0.10847056254033
0.418719271538102,0.901614279337226,-0.10847056254033
0.418719271538102,0.901614279337226,-0.10847056254033
0.418719271538103,0.901614279337226,-0.10847056254033
0.418719271538102,0.901614279337226,-0.108470562540329
0.418719271538103,0.901614279337226,-0.10847056254033
0.4187192715381,0.901614279337227,-0.108470562540329
0.418719271538101,0.901614279337227,-0.108470562540329
0.418719271538102,0.901614279337226,-0.10847056254033
0.4187192715381,0.901614279337227,-0.108470562540329
0.418719271538107,0.901614279337224,-0.10847056254033
0.418719271538101,0.901614279337227,-0.108470562540329
0.418719271538102,0.901614279337226,-0.10847056254033
0.418719271538106,0.901614279337224,-0.10847056254033
0.4187192715381,0.901614279337227,-0.108470562540329
-0.418719271538031,-0.901614279337259,0.108470562540328
-0.418719271538098,-0.901614279337228,0.108470562540329
-0.418719271538091,-0.901614279337231,0.108470562540329
-0.418719271538081,-0.901614279337236,0.108470562540329
-0.4187192715381,-0.901614279337227,0.108470562540329
-0.418719271538098,-0.901614279337228,0.108470562540329
-0.418719271538097,-0.901614279337229,0.108470562540329
-0.418719271538097,-0.901614279337228,0.108470562540329
-0.418719271538098,-0.901614279337228,0.108470562540329
-0.418719271538097,-0.901614279337228,0.108470562540329
-0.418719271538099,-0.901614279337228,0.108470562540329
-0.418719271538098,-0.901614279337228,0.108470562540329
-0.418719271538098,-0.901614279337228,0.108470562540329
-0.418719271538099,-0.901614279337228,0.108470562540329
-0.418719271538099,-0.901614279337228,0.108470562540329
-0.418719271538099,-0.901614279337228,0.108470562540329
-0.4187192715381,-0.901614279337227,0.108470562540329
-0.418719271538099,-0.901614279337227,0.108470562540329
-0.4187192715381,-0.901614279337227,0.108470562540329
-0.418719271538099,-0.901614279337227,0.108470562540329
-0.4187192715381,-0.901614279337227,0.108470562540329
-0.4187192715381,-0.901614279337227,0.108470562540329
-0.418719271538099,-0.901614279337227,0.108470562540329
-0.418719271538099,-0.901614279337227,0.108470562540329
-0.418719271538099,-0.901614279337227,0.108470562540329
0.965446011392163,0.245308599531206,-0.0879641408927656
0.967744852830503,0.236313311454098,-0.0873265059971257
0.969928412724688,0.227428222313579,-0.0866907024118053
0.972000412436135,0.218653583615879,-0.0860570078257318
0.973964504632171,0.209989514761911,-0.0854256835305804
0.957710306551554,0.2733258934663,-0.0899106483447683
0.960617603473971,0.263163660486231,-0.0892115894680306
0.96337443323955,0.253130483153473,-0.0885136140876894
0.965985846577263,0.243227245376196,-0.0878171470677334
0.968456813317088,0.233454610912019,-0.0871225882514335
0.946839417306589,0.308197048829537,-0.092248018554786
0.950619039351134,0.296571991113542,-0.0914794846404208
0.954196596426405,0.285097321212102,-0.0907103787113022
0.957579058614772,0.273775264380083,-0.0899413759960447
0.960773319331414,0.262607663338485,-0.0891731126337828
0.930943283693907,0.352568151271784,-0.0950804988102272
0.936024160083823,0.339084317893913,-0.0942369200355875
0.940824819916114,0.325771559850213,-0.0933892339757177
0.945354941990247,0.312635008896207,-0.0925385588124527
0.949624199933491,0.299679103830012,-0.0916859510956751
0.906550422780301,0.410438141842816,-0.0985234118241692
0.913662746009309,0.394579293239211,-0.0976092613514438
0.920373178131485,0.378900416697096,-0.0966834381004113
0.926694788928831,0.363413145008859,-0.0957478678975126
0.932640955420319,0.348127817312354,-0.0948043832637059
0.866882326378586,0.487831128237153,-0.102644154900888
0.877323759917069,0.469000006296207,-0.101695694988209
0.887173215638987,0.450310279473939,-0.100719102720798
0.896445799233808,0.431788486440288,-0.0997177617762447
0.90515806775902,0.413458800779146,-0.0986949463195936
0.797933391455241,0.593132005731412,-0.107222789451538
0.814047650322527,0.570974546520479,-0.106369592601019
0.829299291840379,0.54876447451705,-0.105452529894129
0.843692896848265,0.526561311565936,-0.104477179181603
0.8572382893831,0.504421234553212,-0.10344918243925
0.670318274069898,0.73374066718957,-0.110896549811789
0.695932751894337,0.709551865728267,-0.110515857153218
0.720487297889626,0.684687855697617,-0.110002699239181
0.743919339440251,0.659260063014474,-0.109362634025211
0.766180260209537,0.63338244939901,-0.108602401716336
0.43149892882041,0.895527306456069,-0.108809548378704
0.469495089464887,0.876093846059526,-0.109699288352227
0.507171517913352,0.854745221363077,-0.110397726310149
0.544291101320147,0.831534650414791,-0.110893291876706
0.580618480913546,0.806549276441367,-0.111177535021938
0.418719271538101,0.901614279337226,-0.10847056254033
0.418719271538101,0.901614279337227,-0.108470562540329
0.418719271538101,0.901614279337227,-0.108470562540329
0.418719271538101,0.901614279337227,-0.10847056254033
0.418719271538101,0.901614279337227,-0.108470562540329
0.4187192715381,0.901614279337227,-0.108470562540329
0.4187192715381,0.901614279337227,-0.108470562540329
0.4187192715381,0.901614279337227,-0.108470562540329
0.4187192715381,0.901614279337227,-0.108470562540329
0.4187192715381,0.901614279337227,-0.108470562540329
0.418719271538102,0.901614279337226,-0.10847056254033
0.418719271538102,0.901614279337226,-0.108470562540329
0.4187192715381,0.901614279337227,-0.108470562540329
0.418719271538101,0.901614279337227,-0.10847056254033
0.418719271538101,0.901614279337227,-0.108470562540329
0.418719271538103,0.901614279337226,-0.10847056254033
0.418719271538102,0.901614279337226,-0.10847056254033
0.4187192715381,0.901614279337227,-0.108470562540329
0.418719271538101,0.901614279337227,-0.10847056254033
0.418719271538102,0.901614279337226,-0.10847056254033
0.418719271538105,0.901614279337225,-0.10847056254033
0.418719271538103,0.901614279337226,-0.10847056254033
0.418719271538103,0.901614279337226,-0.10847056254033
0.418719271538103,0.901614279337226,-0.10847056254033
0.418719271538105,0.901614279337225,-0.10847056254033
0.418719271538144,0.901614279337207,-0.108470562540331
0.418719271538547,0.901614279337018,-0.108470562540342
-0.418719271538037,-0.901614279337256,0.108470562540328
-0.418719271538057,-0.901614279337247,0.108470562540328
-0.418719271538082,-0.901614279337236,0.108470562540329
-0.418719271538095,-0.901614279337229,0.108470562540329
-0.418719271538097,-0.901614279337229,0.108470562540329
-0.418719271538097,-0.901614279337229,0.108470562540329
-0.418719271538098,-0.901614279337228,0.108470562540329
-0.418719271538098,-0.901614279337228,0.108470562540329
-0.4187192715381,-0.901614279337227,0.108470562540329
-0.418719271538099,-0.901614279337228,0.108470562540329
-0.418719271538099,-0.901614279337227,0.108470562540329
-0.418719271538099,-0.901614279337228,0.108470562540329
-0.418719271538098,-0.901614279337228,0.108470562540329
