-7746064
-7746064
-7812114
-7746064
-7746064
-7746064
-7746064
-7746064
-7746064
-7746064
-7746064
-7811857
-7746064
-7746064
-7746064
-7746064
-7746064
-7746064
-7746064
-7746064
-7746064
-7746321
-7746064
-7746064
-7746064
-7746064
-7746064
-7746064
-15523501
-15589551
-14666652
-14271124
-15852980
-15786930
-15852980
-15852980
-15852980
-15852980
-15852980
-14732445
-13677960
-14600859
-14402966
-14864288
-14271124
-14600603
-13216638
-14271124
-7811857
-7746064
-8734756
-8405021
-8471071
-8602914
-8141336
-7877907
-9855291
-11107412
-12359533
-8866342
-7746064
-7746064
-7746064
-7746064
-7746064
-7746064
-7746064
-7746064
-7746064
-7746064
-7746064
-7746064
-7746064
-7746064
-7746064
-7746064
-7746064
-7746064
-15852980
-15852980
-15852980
-15787187
-15457708
-15721394
-15325609
-13084796
-14666652
-10580041
-15325866
-13348481
-14534809
-15721394
-15655087
-15325609
-15259816
-15655088
-15259560
-15721137
-15589295
-15655344
-15852980
-15852723
-15852724
-15852980
-15852723
-15852980
-15852980
-15852980
-15852980
-15786930
-15852980
-15852980
-15852980
-15852980
-15852980
-15720881
-15523245
-15852980
-15852980
-15852980
-15852980
-15852980
-15787187
-15523502
-14007695
-14205331
-14732445
-14468760
-14073232
-13084539
-13282432
-11898468
-12952697
-12821367
-11371097
-13150589
-14139538
-12821110
-14995874
-11634783
-11766369
-11239254
-12293740
-11239255
-11041619
-11766626
-11700832
-11964261
-11173462
-12491376
-11898468
-12491632
-10711884
-10250563
-10316612
-10316355
-7746064
-7746064
-7746064
-7746064
-8009749
-8009493
-7746064
-7746064
-7746064
-11898211
-9723448
-12952697
-11173462
-8800806
-13677960
-14798495
-8405021
-7746064
-7746064
-7746064
-7746064
-7746064
-7746064
-7746064
-7746064
-15852980
-15589551
-15852980
-15852980
-15852980
-15655344
-15852723
-15127973
-14798495
-12095847
-12689268
-7877650
-11436891
-14600603
-11898468
-14139281
-12689268
-14930081
-14864288
-8075799
-15786930
-15259560
-15523501
-14995874
-15852980
-15852980
-15852980
-15852980
-15852980
-15852980
-15852980
-15852980
-15852980
-15852980
-15852980
-15852980
-15852980
-15852980
-15852980
-15852980
-15852980
-15852980
-15852980
-15852980
-15852980
-15852980
-15852980
-15523501
-15589294
-15457709
-15655344
-15786930
-15589294
-15721137
-15391915
-15721137
-15391658
-15786930
-15852980
-15852980
-15852980
-15852980
-15852980
-15852980
-15786930
-15852980
-15852980
-15852980
-15852980
-15852980
-15852980
-15852980
-15852980
-15852980
-15852980
-15852980
-15852980
-15852980
-15852980
-15852980
-15852980
-15852980
-15852980
-15852980
-15852980
-15852980
-15852980
-15852723
-15852980
-15852980
-15787187
-15852980
-15852980
-15787187
-15787187
-15786931
-15786930
-15852980
-15852980
-15655344
-15786930
-15852980
-15787187
-15852980
-15852980
-15852980
-15852980
-15852980
-15852980
-15852980
-15721137
-15721138
-15852980
-15852980
-15852980
-15852980
-15852980
-15852980
-15852980
-15852980
-11437147
-10843983
-10514248
-11370841
-9591606
-10316613
-12491632
-11635039
-13546374
-12820854
-12359533
-14534809
-15194023
-14996387
-15721137
-8932392
-9986877
-11964261
-9459763
-9327920
-9130028
-9064234
-8734756
-8800549
-7877650
-8075799
-8405277
-15852980
-15852980
-15787187
-15852980
-15721138
-15061923
-14403223
-14732445
-15523245
-15259816
-15523245
-15589551
-14007439
-15852980
-15786930
-15127974
-14864288
-15852980
-15852980
-15852980
-15721394
-15852980
-15852980
-15852980
-15852980
-15852980
-15852980
-15852980
-7746064
-7746064
-7746064
-7746064
-7746064
-8668706
-8668963
-8273435
-7943957
-8207385
-8471071
-7746064
-8800549
-8800549
-9327920
-8536864
-7746064
-7746064
-8405278
-8866599
-8932648
-8537120
-8734756
-7877650
-8405021
-8932392
-9327663
-9064491
-9262127
-8207385
-8141336
-8405021
-8273178
-7746064
-7746064
-7746064
-7746064
-7877907
-8075799
-8273435
-7746064
-15589551
-15655345
-13216639
-15852980
-15852980
-15852980
-15787187
-15787187
-14732445
-14205331
-14600859
-15523245
-15852980
-15655344
-15589551
-15852980
-14798495
-14666395
-15391659
-14271380
-13743753
-13809546
-12821111
-12689268
-12886904
-12689268
-12623475
-15523502
-15655345
-15852980
-15721137
-15655345
-15721137
-15720881
-15852980
-15721394
-15852980
-15852980
-15852980
-15852980
-15852723
-15787187
-15786930
-15787187
-15852980
-15852980
-15721138
-15589294
-15852980
-15787187
-15655344
-15721137
-15852723
-15852980
-15786930
-15852980
-15852980
-15852980
-15852980
-14205331
-15852980
-15852980
-14798495
-14205331
-14336917
-15457451
-15852980
-15457452
-13875596
-14007695
-9327920
-9657398
-9393970
-9196077
-9855034
-10909776
-10316612
-11437147
-8735013
-10580298
-8998185
-9064234
-10712140
-8866342
-13414531
-15589551
-14469017
-15127973
-15061924
-15589294
-15523501
-15786931
-7746064
-8273178
-7746064
-7746064
-9855291
-8405278
-8009750
-8207642
-8273178
-15852980
-15852980
-15852980
-15852980
-15852980
-15852980
-15852980
-15852980
-15852980
-15852980
-15457452
-15852980
-15852980
-15852980
-15852980
-15852980
-15852980
-15852980
-15852980
-15852980
-15852980
-15852980
-15852980
-15852980
-15852980
-15852980
-15852980
-15852980
-15852980
-15852980
-15852980
-15852980
-15852980
-15852980
-15852980
-15852980
-15786930
-15852980
-15852980
-15852980
-8207385
-8470814
-7943699
-7877650
-9657655
-9130027
-8273435
-8273435
-8141592
-11766625
-13348481
-13875596
-7811857
-7746064
-7746064
-7746064
-7746064
-7746064
-7746064
-7746064
-13282431
-10909776
-10514248
-12491633
-13085053
-15259816
-15589551
-15062180
-14864287
-15325609
-15391659
-10382405
-11041619
-13084796
-10250819
-9064491
-11107412
-8668706
-10316612
-15852723
-15852980
-15852980
-15852980
-15787187
-15852980
-15852980
-15852980
-15852980
-15852980
-15852980
-15852980
-15852980
-15852980
-15655345
-15852980
-15852980
-15852980
-12359789
-10712140
-11173462
-13084540
-15127973
-15589294
-12030054
-10184770
-14864288
-14798238
-9987134
-8471071
-12689268
-10316613
-8075542
-7746064
-8536864
-7811857
-7746064
-8537120
-9064235
-7746321
-7943956
-10909776
-9525556
-15721137
-15852980
-15259816
-13875852
-10646091
-9130284
-14534810
-15787187
-15852980
-15852980
-15852980
-15786930
-9657398
-11371097
-7746064
-8141592
-7746064
-7746064
-7746064
-7746064
-7746064
-8207385
-8932648
-7943956
-7746064
-7746064
-7943956
-10382405
-9921084
-13282689
-13677960
-7746064
-7746064
-8075542
-7943700
-7811857
-15721137
-15325609
-7746064
-8207385
-10975569
-8009750
-14007695
-8932392
-12030054
-7746064
-7746064
-8075799
-7746064
-14073488
-7746064
-7746064
-8405021
-7746064
-7811857
-7812114
-7746064
-7746064
-8207385
-7877906
-7746321
-10448455
-15852980
-14930338
-15655345
-7746064
-9723192
-14007439
-8273178
-9987133
-7746064
-7746064
-7746064
-7746064
-14798495
-14337174
-11568990
-10646090
-14732445
-12755061
-11700575
-11107412
-7943699
-9921084
-14600602
-15193766
-11502940
-13941645
-12821367
-9327920
-12425839
-7746321
-11898469
-8668706
-7811857
-7746064
-15852980
-13348481
-15852980
-15062180
-15655345
-15259816
-13546117
-15852980
-15523245
-15852980
-15852980
-7746064
-7746064
-8602914
-7877906
-11041619
-10580298
-9327920
-7943699
-7746064
-7746064
-8668707
-8998185
-7943700
-7746064
-7746064
-7746064
-7746064
-7746064
-11700576
-11107412
-9921084
-8075799
-8668706
-7812114
-10712140
-8734756
-10513991
-7812114
-9525556
-7877907
-7811857
-7746064
-7877906
-7746064
-7877650
-7746064
-7746064
-8603170
-7746064
-8734756
-7746064
-7812114
-14600859
-15852980
-12623475
-15259560
-11173461
-12689267
-15721394
-15786930
-15852980
-15852980
-15852980
-15852980
-15852980
-15721137
-15852980
-15721394
-15852980
-15852980
-10514505
-8470814
-13018747
-10382405
-14600602
-13677960
-7746064
-7746064
-7877907
-7943956
-7746064
-7746064
-7812114
-9063978
-7746064
-7746064
-7746064
-7746064
-7746064
-7812113
-8207385
-9855291
-12425583
-14007438
-15457452
-15194023
-15457709
-14073488
-12755061
-9986877
-8273435
-15787187
-15852723
-9196077
-9261870
-8998185
-7746064
-12095847
-14534553
-15852980
-7746064
-15852980
-15852980
-15852980
-15852980
-15786930
-15852980
-15721394
-15786931
-15062181
-13150589
-12623218
-10316612
-9064235
-8075799
-7812113
-7746064
-7746064
-7746064
-7746321
-8471071
-8075543
-8734500
-8932392
-9196078
-9393970
-9328177
-9130284
-15852980
-11239254
-11371098
-15655345
-15721137
-15852980
-15852980
-13546118
-11832418
-8405278
-15852980
-15852980
-15391402
-9328177
-8009750
-8207385
-7746064
-8141592
-7746064
-7746064
-7746064
-11502940
-11173205
-11898211
-11503197
-15721137
-15655345
-15061924
-15127973
-15852980
-15062181
-15852980
-14534809
-12491632
-13018746
-15062180
-15852980
-12952697
-15852980
-15852980
-15852980
-15852980
-15655345
-15852980
-15852980
-15852980
-15852980
-15852980
-15852980
-15523502
-14798495
-13084540
-10909776
-15721137
-13150589
-9195821
-14995874
-15786930
-13677960
-13546117
-11964262
-15852980
-15852980
-15852980
-14798238
-15523245
-15062180
-15852980
-15852980
-15787187
-15523501
-15852980
-15655344
-15852980
-15852980
-15852980
-15787187
-15852980
-15786930
-15852980
-15852980
-9393970
-15721137
-15786931
-15852980
-15786930
-14139538
-15787187
-15787187
-15523245
-13612167
-10053183
-11502940
-9459763
-15062180
-8075543
-8141336
-7746064
-7746064
-7746064
-8800549
-15852980
-15852980
-15852980
-15852980
-15852980
-15852980
-15852980
-15852980
-15852980
-7746064
-15589294
-9657398
-10382405
-15852980
-15852980
-15852980
-15852980
-15852980
-15852980
-15655345
-15852980
-15852980
-15852980
-11700832
-7746064
-7746064
-7746064
-11766626
-8075542
-7746064
-7746064
-7746064
-7746064
-7746064
-7746064
-8207385
-7746064
-15852980
-15787187
-15852724
-15852980
-15852980
-15852980
-15852980
-15852980
-15852980
-15852980
-15852980
-15852980
-15852980
-15852980
-15852980
-15852980
-15852980
-15852980
-15852980
-15852980
-15852980
-15852980
-15852980
-15852980
-15852980
-15852980
-15852980
-15852980
-15852980
-15852980
-15852980
-15852980
-15852980
-15852980
-15852980
-15852980
-15787187
-15852723
-15852723
-15852980
-15589295
-15721137
-15523501
-15786931
-13084540
-12623218
-12360046
-13348481
-11832419
-11766369
-10712140
-11239254
-10118976
-9261870
-9393970
-9525556
-9855291
-14996130
-15127974
-14403223
-14336917
-15259816
-13875595
-13414274
-9723448
-7812114
-7943956
-8009750
-7746064
-7746064
-7746064
-8075543
-8668706
-7812114
-8207385
-8602914
-8866599
-8141336
-8207385
-8866599
-9591606
-8405278
-9262127
-10382405
-11436890
-10316612
-12491375
-12820854
-12887160
-13612167
-14468759
-12755317
-11568733
-13744010
-12359533
-10646091
-9591606
-10909776
-9063978
-8668707
-8339228
-8273435
-7811857
-7943700
-7746064
-7746064
-7746064
-7746064
-7746064
-7746064
-7746064
-7746064
-7746064
-7746064
-7811857
-7746064
-7746064
-7746064
-7746064
-7943956
-7878163
-7943700
-7812114
-8009749
-7943699
-8339485
-8734756
-8141592
-8866342
-8009749
-7943956
-10975826
-12491375
-10448198
-13546118
-9789242
-10646091
-14732445
-15325609
-14534809
-15523502
-14139538
-15127973
-14139281
-13612167
-14666653
-13941646
-15127973
-15259816
-10580041
-9459506
-11436890
-9196077
-12425583
-12096361
-7943700
-7746064
-8075542
-7746064
-8339228
-8009493
-7746064
-7746064
-7746064
-7746064
-7943956
-8141592
-8339228
-10184513
-8734756
-8009749
-9196334
-10646347
-7746064
-7746064
-7746064
-7943956
-8405021
-7811857
-7746064
-7746064
-7877907
-8141592
-12359789
-14468760
-11568990
-15457452
-10250819
-13150589
-15721394
-15787187
-15721137
-15852723
-15655088
-15852980
-15260073
-14864544
-15589294
-14930338
-15721138
-15786930
-11239511
-9525556
-12425583
-9195821
-13611910
-13084540
-7746064
-7746064
-7812114
-7746064
-8075542
-7811857
-7746064
-7746064
-7746064
-7877907
-13480325
-14600603
-14402967
-14469016
-11700832
-13216639
-15655088
-15259559
-15787187
-15852980
-13678217
-14732445
-15655344
-15852980
-15852980
-15852980
-15852980
-15852980
-15852980
-15721138
-15523245
-15852723
-15457451
-15852980
-15852980
-11964261
-9657399
-13348225
-9327920
-14402967
-13744010
-7746064
-7746064
-7746064
-7746064
-7943956
-7746064
-8866599
-8470814
-8009749
-9064235
-15852980
-15852723
-15721138
-14534809
-14666652
-15852980
-15852980
-15852980
-15852980
-15852980
-15852980
-15852980
-15852980
-15852980
-15852980
-15852980
-15852980
-15852980
-15852980
-15852980
-15721137
-15852980
-15589295
-15852980
-15852980
-12557425
-9921341
-13941645
-9723192
-14864288
-14139538
-7746064
-7746064
-7746064
-7746064
-8009749
-7746321
-11173205
-9657398
-8405277
-9657398
-14336917
-13414531
-15852980
-15852980
-15852980
-15852980
-15852980
-15852980
-15852980
-15852980
-15852980
-15852980
-15721394
-15852980
-15589551
-15852980
-15852980
-13019003
-10382406
-14271380
-10316612
-15061924
-14337174
-7746064
-7746064
-7811857
-7746064
-8207385
-7877906
-11041619
-9130285
-8075542
-8471071
-10909776
-8668707
-15852980
-15852980
-15852980
-15852980
-15852724
-15721137
-15852980
-15523245
-15852980
-15852723
-13348482
-10975826
-14468759
-11107412
-14996387
-14337174
-7746064
-7746064
-8009750
-7746064
-8734756
-8273435
-8734756
-7877907
-7746064
-7746064
-7812113
-7746064
-15852980
-15786931
-15721138
-15523245
-15786930
-15193766
-15721394
-15589295
-13546117
-11634783
-14337174
-11898212
-14798238
-14139281
-8075542
-7746064
-8800549
-7943956
-9723448
-9262127
-7746064
-7746064
-7746064
-7746064
-7746064
-7746064
-7746064
-7811857
-7746064
-10250819
-15391402
-14468760
-13150846
-15325866
-14995874
-15325866
-14468760
-15259816
-14732445
-13480068
-12162153
-14073231
-12293997
-14271124
-13480325
-9130028
-8339228
-10053183
-9064235
-10909776
-10514248
-7746064
-7811857
-8009750
-8141592
-7877907
-8009750
-8207385
-9986877
-10514248
-11173205
-12162154
-13019003
-13150846
-13546374
-12689268
-12425583
-11107668
-10184770
-9261870
-8470814
-10909776
-13809803
-15589295
-15852980
-15852980
-15852980
-15852724
-15852980
-15852980
-15852980
-15852980
-7746064
-7746064
-7811857
-7746064
-7746064
-8141335
-8075542
-9591605
-9130284
-8273435
-8009749
-7943956
-8405021
-7943699
-8405277
-7811857
-7746064
-7746064
-7746064
-7746064
-7746064
-7746064
-7746064
-10184769
-9130028
-8471070
-14864288
-11305304
-12095847
-12359789
-11964261
-12162154
-12359533
-12293740
-14336917
-13084796
-12425583
-12227947
-12491632
-14139281
-11107412
-11173205
-10975826
-10580298
-8800806
-9130028
-9327920
-9393970
-8405277
-9657399
-7746064
-7746321
-8405278
-7746064
-7746064
-7746064
-7746064
-7746064
-7746321
-7746064
-7746064
-7746064
-7746064
-7746064
-7746321
-7746064
-7746064
-7943700
-7877907
-7877907
-7877907
-7812114
-8339228
-9657398
-10514247
-12030311
-7943700
-12491632
-12491632
-10712140
-12623218
-12359790
-15259816
-15127973
-14468759
-14271124
-13611911
-12689268
-15721137
-15721137
-15655344
-15786930
-15852980
-15786930
-15721137
-15852980
-15589295
-15259816
-15193767
-15061924
-15457452
-15259559
-15852980
-15786930
-15852724
-15127973
-15852980
-15589551
-15852980
-15852980
-15852980
-15852980
-8471070
-7746064
-7746064
-7811857
-7746321
-7746064
-8141592
-9195821
-7943956
-9723448
-11238998
-12161897
-12359790
-15061924
-13941645
-13216639
-15457709
-15720881
-13611910
-11568990
-15193766
-13743753
-10316613
-8734756
-10909519
-8405021
-7943700
-7746321
-7811857
-7746064
-7746064
-7746064
-7746064
-7746064
-7746064
-7746064
-7746064
-8668706
-13743753
-15325609
-12425839
-15852980
-15852980
-15852980
-15852980
-15852980
-15852980
-15655344
-15391659
-15852980
-15787187
-15852980
-15852980
-10645834
-8866599
-12293740
-8998185
-14205074
-13743753
-7746064
-7746064
-7746064
-7746064
-7877907
-7746064
-7746064
-7746064
-7746064
-8075542
-15852980
-14930081
-15852980
-15391659
-15852980
-15852980
-15852980
-15852980
-15721394
-15852980
-14996130
-15721137
-12162154
-8866342
-13875596
-8273178
-15259559
-13546117
-7746064
-7746064
-7746064
-8075542
-7746064
-7746064
-10250819
-9459763
-15523502
-8734756
-11832418
-15852980
-15852980
-15786930
-15721138
-14337174
-13743753
-15852980
-15720881
-15852980
-14205331
-15852980
-15721394
-10250563
-7811857
-11502940
-7746064
-12886904
-9195821
-7811857
-9855034
-7746064
-13809546
-7746064
-8075542
-15259816
-15852980
-15062180
-14007695
-15786930
-12425582
-12689524
-9459763
-8471071
-7877907
-7746064
-13875596
-10053183
-13018746
-7877907
-11634783
-8602657
-7746321
-7746064
-7812114
-7812114
-7877907
-7746064
-10712140
-15720881
-9591349
-15852724
-8536864
-12030311
-8207642
-7746064
-7746064
-7746064
-7746321
-7812113
-8207385
-7746064
-7746064
-7746064
-7877907
-7746064
-7746064
-7746321
-9393970
-7746064
-12096104
-7746321
-9064235
-15259816
-15852980
-14534810
-15852980
-13677960
-15655344
-15852980
-14205074
-15786930
-15852980
-9393970
-9789241
-11568990
-14073232
-13612167
-14996387
-8602913
-10448455
-9525556
-14271381
-10909776
-13875852
-12359533
-15127717
-12623218
-15787187
-13084796
-15391659
-15852980
-15852980
-15852980
-15721394
-15852723
-15852980
-14996131
-11305304
-15852980
-15852980
-15259816
-15852980
-15852980
-15852980
-15852980
-15787187
-15852980
-15721137
-15787187
-15852980
-15852980
-15852980
-15852980
-15523245
-15787187
-15786930
-15852980
-15852980
-15852980
-15852980
-15852980
-15852980
-15852980
-15852980
-15852980
-15852980
-15523245
-15852980
-15325866
-15852980
-15852980
-8405021
-10843726
-7877907
-7746064
-12952953
-10843983
-8405021
-7746064
-7746064
-9921084
-9261870
-7746064
-8009749
-15259816
-15787187
-14205074
-15259816
-12293996
-12886904
-15852980
-15787187
-15852980
-15852980
-15852980
-15852980
-15852980
-15787187
-15721137
-15852723
-15787187
-15852980
-15852980
-15852724
-15852980
-15787187
-15786930
-15852723
-15787187
-15852980
-15786931
-15852980
-15721394
-15852980
-15852723
-15127973
-15852980
-15391402
-15852980
-15852723
-9987134
-8338971
-11898468
-9921084
-13414531
-12755061
-7746064
-7746064
-7746064
-7811857
-7943699
-8207385
-7746064
-7746064
-7746064
-9196077
-11437147
-9130285
-14600602
-13282432
-14996131
-15721138
-15852980
-15852980
-15852980
-15852980
-15852980
-15852980
-15787187
-15655088
-14666652
-12952953
-11305047
-9262127
-9196077
-8339228
-8273435
-7811857
-7746064
-7812114
-8471071
-9459763
-8866599
-7746064
-7877907
-7877650
-7746064
-9130284
-8536864
-14864288
-14007439
-15721137
-15852980
-15852980
-15787187
-14996131
-15589294
-14007438
-15457708
-14139281
-8009493
-8207642
-7811857
-8734756
-7943957
-8141336
-7812113
-7811857
-7877907
-8141336
-8075543
-8734500
-8141592
-8009750
-8141592
-8141336
-14337173
-10975569
-10052927
-9327920
-8800549
-9525555
-8273435
-10975569
-8471071
-8339228
-8405021
-8405278
-8207385
-8075799
-8075799
-8998442
-10382662
-8602913
-8207129
-8075799
-8141592
-8207385
-8141336
-8009750
-7877906
-8141592
-10184513
-9789241
-8141592
-8405021
-7943956
-7943957
-7943956
-8800549
-7746064
-8339484
-8602913
-8602657
-9986877
-14534809
-9130285
-9064235
-7746064
-9064234
-10975569
-11041619
-9723448
-11305304
-9196077
-9130284
-9657398
-8339485
-8141336
-8207385
-7746064
-11832419
-15655088
-13480324
-13678217
-13546117
-12755318
-13611910
-13546117
-11964518
-11568733
-11898468
-11634782
-11634783
-11964518
-11634526
-12161897
-14600602
-15852980
-13480325
-13611911
-15127974
-13546117
-15061924
-15127973
-14534810
-15127973
-15523502
-15127973
-14996130
-15457708
-15786931
-15325609
-15260073
-15852980
-15655344
-14534809
-15523502
-15523502
-15852980
-11634783
-8668706
-8405278
-8009750
-11700576
-10910033
-10382405
-7943700
-8537120
-8668706
-7943700
-9327920
-11107669
-8800549
-11700576
-13282432
-14402710
-14007439
-15720881
-15523245
-15523501
-15852980
-15852980
-15786931
-15523502
-15852980
-15852980
-15523502
-14666652
-15852980
-15852980
-15193767
-14205331
-15787187
-15655088
-13677960
-11502940
-14798238
-11964518
-9657398
-9987133
-13480324
-14007438
-14666652
-15721137
-15325609
-14534809
-15787187
-15852980
-9591349
-8866599
-11437147
-10975569
-13611910
-14798238
-8866599
-10316612
-8141592
-10250819
-8009750
-8009750
-14996387
-15786930
-14337174
-15852980
-13084796
-14205331
-15852980
-15852980
-15852980
-15457452
-15852980
-15852980
-15852980
-15852980
-15787187
-14864288
-15721137
-14600859
-15852980
-15852980
-15852980
-15852980
-15852980
-15589295
-15852980
-15852980
-15852980
-15852980
-15852980
-15852980
-14930338
-13743753
-15589295
-13612167
-15852723
-15852723
-12755318
-13084797
-12952953
-15127974
-15852980
-15852980
-15852980
-15128230
-15721137
-15852980
-13677960
-15325866
-14402966
-15852980
-15589551
-15852980
-15852980
-7943700
-9064491
-8932392
-9130028
-11503197
-11041619
-15391659
-15852980
-14534810
-15852980
-12755317
-14271124
-15523501
-13019003
-15655344
-10184770
-15852723
-15127717
-11634783
-10052927
-10250819
-7811857
-9723448
-7943700
-14864288
-15457452
-12623218
-13216382
-9987134
-8339228
-15852980
-15852980
-15787187
-15852980
-15655344
-15721137
-14336917
-15852980
-15325609
-15852980
-15852980
-15852980
-15852980
-15852980
-15852980
-15852980
-15852980
-14930338
-15852980
-9920827
-8207385
-12952697
-8207642
-15391658
-14732445
-15523502
-15852980
-14271124
-15852980
-11832419
-13744010
-12162154
-8207385
-13875596
-7812114
-15391402
-13414018
-7746064
-7746064
-7746064
-7746064
-7746064
-14798238
-15655344
-15589295
-12953210
-8273435
-15457452
-9130027
-15852980
-15721138
-15325609
-15852980
-13282689
-15852980
-10448455
-12425839
-10580041
-7746321
-13611910
-15457708
-14139538
-15391659
-14732702
-9130028
-15787187
-9855291
-15852980
-15721137
-14337173
-15852980
-11437147
-15787187
-8998185
-10382662
-12030311
-8075543
-14930081
-15852723
-15589551
-15852980
-14336917
-9261870
-15589295
-9723192
-15852980
-15259559
-11964518
-15391402
-9261870
-14139281
-8009750
-8537120
-15259816
-12030054
-15852980
-15852980
-15852980
-15852980
-15655345
-15852980
-15852980
-13216638
-8932392
-14600603
-8932392
-15259816
-13018746
-9130284
-12096104
-8009749
-9855034
-7746064
-7812114
-15852980
-15852980
-15655345
-15852724
-14469016
-14402710
-15721137
-15787187
-13546117
-14798495
-11107412
-13414274
-12030311
-13546118
-15721137
-14469016
-15655344
-12623475
-15391659
-13019003
-10645834
-8339227
-11700576
-8405021
-12096104
-9657399
-7877907
-8668706
-7746064
-8009493
-7811857
-7746064
-13744010
-14798495
-11502940
-11898468
-9723192
-9393713
-15721138
-14864545
-15127974
-13743753
-14468759
-12557682
-13546374
-11041362
-9723448
-9789241
-9393713
-8536864
-7943700
-10052927
-8734499
-8405278
-7811857
-7746064
-8009493
-8800549
-9591349
-11502940
-11370841
-12293996
-10646090
-10316356
-9855291
-10514248
-8998441
-8470814
-7811857
-7811857
-7746064
-7811857
-7746064
-7877907
-7877907
-8470814
-8273178
-8009493
-8207642
-7811857
-7746064
-7746064
-7746064
-8009493
-7746321
-7746064
-7746064
-8273435
-7746064
-7746064
-7746064
-9130028
-9591349
-11305304
-10448455
-14007438
-14271124
-7746064
-8009750
-7877907
-7877650
-8998185
-8800549
-8668963
-7812114
-7746064
-8075799
-7812113
-7746064
-7746064
-7746064
-7746064
-7746064
-7746064
-7746064
-7746064
-7746064
-7746064
-7746064
-7746064
-7746064
-7811857
-7746064
-7746064
-7746064
-7746064
-7746064
-7746064
-7746064
-7746064
-8009493
-7877907
-8273435
-9987134
-10448455
-10843983
-12952953
-11568989
-10382406
-12491632
-13348482
-8471070
-8207385
-9196077
-9064491
-10316612
-11371354
-7746064
-7746064
-7746064
-7746064
-7877907
-7877907
-7746064
-7746064
-7746064
-7746064
-7746064
-7746064
-7746320
-7746321
-7943957
-7746064
-7943956
-7746064
-9196078
-9196078
-8800549
-9723448
-14930338
-15325609
-15391659
-15852980
-15589551
-14534810
-15523501
-15852980
-12293739
-11041619
-13941389
-12755318
-15127974
-15523245
-7812114
-7746064
-8207385
-7746064
-9196334
-8866599
-12096361
-9855291
-15852980
-15852980
-15852980
-15852723
-15852980
-15787187
-15852980
-15721137
-15589294
-14402710
-15852980
-14996131
-15852980
-15852980
-8339228
-7746064
-9459763
-7746064
-11437147
-10118720
-15391402
-15589295
-15589551
-15787187
-15852980
-15852980
-15852980
-15194023
-15852980
-15062181
-15852980
-15852980
-8800550
-7746064
-10250819
-7746064
-12227946
-10052927
-15852980
-15852980
-15852980
-15852980
-15787187
-14468760
-15852980
-13216639
-15852980
-15523502
-8537121
-7746064
-9657398
-7746064
-10975569
-8866342
-7746321
-7746064
-7746064
-15325866
-15852980
-15062180
-12821111
-14073488
-11107668
-14139281
-9261871
-13744010
-11305047
-7943700
-7746064
-8273178
-7746064
-8602914
-7812114
-8009493
-7746064
-7746064
-7811857
-9130028
-8009750
-8800549
-7746064
-8339228
-9064235
-7943699
-7811857
-7746064
-7746064
-7746064
-7746064
-7746064
-7746064
-7943700
-8932392
-7746064
-8405278
-7746064
-7811857
-10909776
-11107412
-7746064
-7746064
-7746064
-7746064
-7746064
-7746064
-7746064
-7943699
-7746064
-7746064
-8009749
-8866599
-7878163
-9261870
-7877907
-8800806
-12161897
-13677960
-10777934
-10316612
-11371097
-9459506
-8602913
-8734757
-8339485
-8339228
-11634782
-9986877
-9393969
-12425582
-14930081
-13545861
-13084797
-15061923
-15655087
-15457709
-15391659
-15852723
-15259816
-15259560
-15852980
-15852980
-15589295
-15721394
-15194023
-15127717
-15655344
-15721137
-15457452
-15852980
-15852980
-14732445
-15457452
-15325866
-15721394
-15852980
-15852980
-15852980
-15721394
-14930081
-15259559
-15721137
-14271381
-14139281
-13941645
-13480068
-12821111
-11634783
-10382662
-13018746
-12161897
-8405021
-8339228
-8339228
-14930338
-15457451
-15259817
-7746064
-7746064
-7746321
-7877907
-8075543
-8207385
-7746064
-7746064
-7746064
-7746064
-7746064
-7746064
-7746064
-7811857
-7811857
-7746064
-7746064
-7877650
-8207385
-8866599
-8998441
-8734756
-8800549
-9196334
-9591605
-10382405
-13084796
-13743753
-14270867
-14139281
-14007439
-14996387
-15787187
-15589295
-14534810
-14864545
-15852980
-15852980
-15852980
-15852980
-15852980
-15852980
-15852980
-15852980
-15852980
-15852980
-15852980
-15852980
-15852980
-15852980
-15852980
-15852980
-15852980
-15852980
-15852980
-15852980
-15721138
-15852980
-15325609
-15523502
-14600859
-15127717
-15062181
-14073488
-14007438
-14007439
-14205075
-13744010
-12359533
-10052927
-8734756
-8273435
-8273435
-8207385
-8141592
-7877906
-7811857
-7746064
-7746064
-7746064
-7746064
-7746064
-7746064
-12491632
-11898468
-13150589
-13480325
-12096104
-12293997
-12886904
-15589294
-15259559
-14930081
-14930337
-13875852
-7746064
-7746064
-8009750
-8207386
-7877907
-9195821
-9196077
-7746064
-7811857
-11964261
-11568733
-11305304
-10777933
-11041362
-11568733
-12887160
-12359789
-10514248
-10382405
-9327664
-10448455
-11700576
-8932392
-10580298
-13546117
-12755061
-15457709
-14007695
-14600602
-14930338
-15786930
-13480068
-14930338
-15457452
-15786931
-10118976
-12293740
-10909776
-13414274
-12491376
-11634782
-14600859
-12360046
-13941389
-13941645
-15655344
-15062180
-14007438
-14666652
-15655088
-15589295
-12755061
-14073488
-14402967
-15127973
-11898468
-12557425
-9130284
-9393713
-10843983
-10184769
-10646347
-12096104
-10646090
-13875852
-14798495
-14270867
-15655088
-13216639
-14271124
-13546117
-15062180
-11437147
-12162154
-13809803
-13348482
-15127973
-15721394
-12689268
-14073232
-15721394
-15786930
-15852980
-15852980
-15786930
-15852980
-15852980
-15852980
-15852980
-15852980
-15852980
-15852980
-15655088
-15852980
-15589551
-15852980
-15852980
-15852980
-13084796
-14337174
-15325866
-15589551
-10514248
-12162154
-8800549
-14139281
-15325609
-14007438
-15852723
-13150589
-15589294
-15457452
-15852980
-15852980
-14732445
-15391659
-15852980
-15852980
-15523501
-12557682
-15852980
-15061924
-15523501
-14996130
-14864288
-10777933
-14139281
-10645834
-15852980
-15589294
-15852980
-15127973
-14534553
-12359533
-15721394
-15852980
-15852980
-15852980
-13612167
-15127973
-10316612
-15787187
-15852980
-15721394
-15852980
-15786930
-14007695
-15852980
-11700833
-12030054
-8075799
-13744010
-8075543
-7811857
-7811857
-7746064
-7746064
-7746064
-10184770
-8339228
-11370841
-8273435
-7746064
-7746064
-15852980
-15457709
-13611910
-13282431
-15655088
-15852980
-13348482
-15852980
-15589295
-15852980
-14139538
-9459762
-8866598
-14205331
-7746064
-7811857
-7746064
-7746064
-8800806
-9921340
-13348482
-10118719
-8009750
-8207385
-15852980
-15852980
-15589551
-15457452
-12623475
-15721138
-10184769
-10514248
-14205331
-8009493
-9195821
-15852980
-15787187
-8602657
-7746064
-7746064
-7746064
-15852723
-15194023
-15852980
-15852980
-13282688
-9393970
-14469017
-8405278
-9789241
-14864288
-9130284
-15786930
-15523502
-15787187
-7746064
-7746064
-7746064
-7746064
-14996131
-13150846
-15852980
-15457452
-11107412
-8470814
-12623475
-8273178
-15852980
-15852980
-15852980
-8141592
-10448455
-7746064
-12689268
-8075799
-10975569
-8141336
-7746064
-7746064
-7746064
-7746064
-13348481
-11634783
-15127973
-13875596
-10316613
-8602657
-11436891
-8536864
-15852980
-15852724
-15852980
-15852980
-15655087
-15589294
-15852980
-15852980
-15852980
-15852980
-15852980
-13743753
-15259559
-15260073
-7877907
-10580041
-10580298
-8471070
-7746064
-7746064
-7746064
-7746064
-7746064
-7746064
-7746064
-7746064
-7746064
-7746321
-7746064
-7746321
-7746064
-7746064
-7877907
-11898468
-10382405
-13809803
-12821367
-15128230
-15589038
-15852980
-15852980
-15852980
-15787187
-15786930
-15194023
-14600603
-13018746
-10645834
-9130284
-8075799
-8207385
-7943699
-8471070
-8668706
-13611911
-15852980
-15852980
-15852980
-15852723
-15787187
-15787187
-15787187
-15655088
-15787187
-15786930
-15852980
-15852980
-15852980
-15852980
-15852980
-15852980
-15852980
-15852980
-15852980
-15852980
-15787187
-15787187
-15852723
-15852980
-15852980
-15852980
-15787187
-15852980
-15852980
-15852980
-15852980
-15852980
-15852980
-15852980
-15852980
-15852980
-15852980
-15852980
-15852980
-15852980
-15852980
-15852980
-15852980
-15852980
-15852980
-15852980
-15852980
-15852980
-15852980
-15852980
-15852980
-15852980
-15852723
-15852980
-15721394
-15127717
-14798238
-14336917
-14073489
-13216639
-12161897
-11371097
-10053183
-12557425
-7812114
-7812114
-7811857
-8273178
-9064235
-7746064
-7746064
-7746064
-9262127
-8009750
-8536864
-8932392
-9459506
-7746064
-7746064
-7746064
-7746064
-7877907
-9459506
-9723448
-10975826
-12030311
-8998441
-11173205
-13018746
-8273178
-8603170
-7746321
-8207385
-7812114
-7877650
-7746064
-7746064
-7811857
-7746064
-7746064
-7746064
-7943700
-7746320
-7746064
-7746064
-8668963
-8009750
-8207385
-7811857
-10646347
-9525555
-11041619
-9262127
-12886904
-12293740
-14864288
-13084796
-13414274
-14007438
-15259816
-15194023
-13414531
-14534810
-10514504
-11502683
-9130284
-8668963
-12821111
-14402967
-12030311
-7877650
-7943700
-7746064
-7746064
-8075799
-7811857
-7746064
-7746064
-7746064
-7746064
-7746064
-7746064
-7746064
-7746064
-7746064
-7811857
-7746064
-7746321
-7746064
-7746064
-7746064
-7746064
-7746064
-7746321
-7746064
-7746064
-7746321
-7746064
-7746064
-7746064
-9130028
-8339228
-9855291
-8734756
-7877907
-7811857
-13743753
-12820854
-15193766
-11305048
-11371097
-14996130
-15457709
-10316612
-11568733
-8273435
-7877906
-7746064
-7746064
-7746064
-7746064
-7746064
-7746064
-7746064
-7746064
-8009750
-8998185
-7746064
-8075799
-8141336
-8405277
-8668963
-10382405
-8668706
-10250562
-8009750
-8536864
-8339228
-10580041
-9130284
-10712140
-7746064
-8009493
-7746064
-8800549
-10843726
-7746064
-7746064
-7746064
-7746064
-8009749
-8800549
-7746064
-7811857
-9393713
-9393713
-11568733
-13348481
-9261870
-11502940
-12162154
-12821110
-13546374
-14930081
-13150846
-14798238
-12755318
-13875596
-14205074
-15589295
-14402967
-15391659
-13875853
-15062180
-7811857
-8602657
-8470814
-10975826
-12821111
-8405021
-10448455
-13743753
-13677960
-15259816
-15720881
-13480324
-15127974
-15523502
-15655344
-15787187
-15852980
-15721137
-15852980
-15787187
-15852980
-15852980
-15852980
-15852980
-15852980
-12952954
-13216639
-14930338
-15655345
-15721394
-15721137
-15852980
-15852980
-15721137
-15852980
-15852980
-15852980
-15852980
-15852980
-15852980
-15852980
-15852980
-15852980
-15852980
-15852980
-15852980
-15852980
-15852980
-15852980
-15852980
-15852980
-15852980
-15852980
-15852980
-15852980
-15852980
-15787187
-15721137
-15852980
-15786930
-15655344
-15721137
-15852980
-15852980
-15721137
-15457452
-15852980
-15852980
-15786930
-15720881
-15787187
-15721137
-15589551
-15589295
-15391658
-15259817
-15589551
-15391402
-15391402
-15391659
-15852980
-15786930
-15325609
-15062181
-15852980
-15852980
-15852980
-15852980
-15852980
-15852980
-15589551
-15589551
-15457709
-15523502
-15786930
-15721394
-15194023
-15259816
-14996130
-15128230
-15325609
-15259816
-14996131
-14930081
-15589294
-15061924
-14930081
-14930338
-15852980
-15852980
-15852980
-15852980
-15786930
-15721137
-15852980
-15852980
-15852980
-15852980
-15852980
-15852980
-15852980
-15721137
-15852980
-15787187
-15721137
-15589294
-15391659
-15391402
-15259560
-15325866
-15457452
-15589295
-15786930
-15786930
-15787187
-15852980
-7746064
-7746064
-7746064
-7746320
-7811857
-7746064
-7746064
-7746064
-7746064
-7746321
-7943956
-7943700
-7877907
-7812114
-7811857
-7746064
-7746064
-11107412
-9986877
-8734756
-8273435
-12030311
-13084796
-13809803
-12820854
-13216382
-14073488
-12293739
-11898211
-15720881
-15457451
-14996387
-14402966
-14337174
-15852980
-15852724
-15852724
-15786930
-15721137
-15655088
-15852980
-15852980
-15786930
-15786930
-15787187
-15852980
-7746064
-7746064
-7746064
-7746064
-7746064
-7746064
-7746064
-7746064
-7746064
-7811857
-7746064
-7746064
-10382405
-9525556
-10250563
-10580298
-7746064
-7746064
-7746064
-7746064
-7811857
-7812114
-7877906
-7877907
-8009750
-8273178
-7811857
-7943956
-8009749
-8207385
-8405278
-9327664
-8602657
-9591605
-11041619
-11568733
-12293996
-15720881
-15655088
-15523245
-14139538
-15787187
-15721137
-15852980
-15852724
-15852980
-15852723
-15852980
-15852980
-15852980
-15852980
-15852980
-15655344
-15721394
-15852980
-15852980
-15852980
-15852723
-15852980
-15786930
-15787187
-15391659
-14864288
-15391659
-13084540
-15391659
-13216638
-14402966
-15523501
-15127973
-15523245
-14007438
-14468760
-13480324
-13018746
-14205075
-8866599
-15259816
-14402967
-10250562
-11305304
-8273179
-10843726
-8009750
-9657398
-7746064
-12161897
-10909776
-12096104
-9196077
-9789241
-8734757
-13480068
-12689267
-10448198
-10118977
-11502940
-10118720
-7746064
-8009750
-8405021
-7746064
-8998185
-9130284
-11634783
-9262127
-8734756
-8075542
-9064491
-7811857
-10053183
-8273435
-7746064
-8273178
-8339484
-7746064
-7746064
-7746064
-7746064
-7811857
-7746064
-8009493
-7746064
-7746064
-7746064
-7746064
-7746064
-7746064
-8075543
-7811857
-8075542
-7746064
-7746064
-7746064
-8800806
-8273435
-8602913
-7746064
-7943699
-7746064
-8932392
-8471071
-8405021
-7746064
-8141335
-7746321
-8273178
-8075542
-7877650
-7746064
-7877907
-7746064
-7746320
-7746064
-7746064
-7746064
-7746064
-7746064
-7746064
-7746064
-8009750
-10118976
-11502940
-10909520
-14468760
-12755061
-11041619
-14732445
-14534809
-8800806
-10052670
-8800549
-12096360
-11568990
-13414531
-7811857
-8075799
-7746321
-8998185
-8866599
-10118720
-7746064
-7746064
-7746064
-7877906
-7811857
-8075543
-7746064
-7746064
-7746064
-7746064
-7746064
-7746064
-7746064
-7746064
-7746064
-7746064
-7746064
-7746064
-7746064
-7746064
-7746064
-7943957
-7746064
-7746321
-7746064
-7746064
-7943700
-9591349
-7811857
-8405277
-8207385
-8536863
-9196334
-12755061
-8866599
-11107412
-9525555
-10250562
-11173205
-13941646
-15655087
-15787187
-15721137
-15852980
-15852980
-15786930
-15852980
-15852980
-14798238
-15457709
-14666396
-15786930
-15786931
-15852980
-11700576
-13348482
-11371097
-14468760
-14666652
-15325609
-8866598
-9987134
-8866598
-11832675
-11502940
-13018746
-8009493
-8405278
-8141335
-10250562
-9261870
-10711883
-7877907
-8141336
-8207385
-10250562
-8537120
-9921341
-8273435
-8536864
-9130284
-11832418
-8998185
-10778190
-10118976
-10448198
-12096104
-14468760
-10843983
-13216639
-13611910
-13809803
-15061924
-15786930
-14139281
-15457451
-15457452
-15589295
-15721137
-15852980
-15852980
-15852980
-15852980
-15852980
-15852980
-15852980
-15852980
-15852980
-15852980
-15852980
-15852980
-15852980
-15852980
-15852980
-15655344
-15852723
-15523502
-15852980
-15852980
-15852980
-14139538
-14996131
-14073232
-15457452
-15523245
-15721394
-12293739
-13348225
-12557682
-14666396
-14271124
-15193766
-11634783
-12425583
-12491633
-14402967
-13282432
-14666652
-12689268
-13084796
-13875596
-15061924
-13611911
-14930338
-14666653
-14732446
-15457452
-15721138
-14864544
-15589295
-15787187
-15786930
-15852980
-15852980
-15786930
-15852980
-15852980
-15852980
-15852980
-15852980
-15852980
-15852980
-15852980
-15852980
-15852980
-15852980
-15852980
-15852980
-15852980
-15852980
-15721137
-15721138
-15523502
-15721137
-15655088
-15787187
-15852723
-15852980
-15852980
-15852980
-15852980
